-553	1_2_22c_525_Ja_Ko	0	0	0
-507	1_2_23c_525_Ja_Ko	1	0	0
-513	1_2_24c_525_Ja_Ko	2	0	0
347	3_2_28a_425_Ro_Mi	0	0	0
324	3_2_29a_425_Ro_Mi	1	0	0
252	3_2_30a_425_Ro_Mi	2	0	0
-532	1_2_34d_425_Ja_Ro	0	0	0
-500	1_2_35d_425_Ja_Ro	1	0	0
-624	1_2_36d_425_Ja_Ro	2	0	0
551	3_2_4b_525_Ar_Mi	0	0	0
601	3_2_5b_525_Ar_Mi	1	0	0
622	3_2_6b_525_Ar_Mi	2	0	1
-530	1_2_28b_425_Ro_Mi	0	1	0
-526	1_2_29b_425_Ro_Mi	1	1	0
-569	1_2_30b_425_Ro_Mi	2	1	0
-553	1_2_16d_425_Mi_Ko	0	1	0
-587	1_2_17d_425_Mi_Ko	1	1	0
-603	1_2_18d_425_Mi_Ko	2	1	0
-298	1_3_41d_425_Ja_Ar	0	1	0
-558	1_3_42d_425_Ja_Ar	1	1	0
-320	1_3_40d_425_Ja_Ar	2	1	0
-372	1_3_37c_425_Mi_Ar	0	1	0
-330	1_3_38c_425_Mi_Ar	1	1	0
-464	1_3_39c_425_Mi_Ar	2	1	0
-310	1_3_48b_425_Ko_Ja	0	1	0
-182	1_3_46b_425_Ko_Ja	1	1	0
-438	1_3_47b_425_Ko_Ja	2	1	0
-436	1_1_21d_425_Ja_Ko	0	1	0
-389	1_1_19d_425_Ja_Ko	1	1	0
-344	1_1_20d_425_Ja_Ko	2	1	0
-203	1_3_52d_425_Ja_Ro	0	1	0
-457	1_3_54d_425_Ja_Ro	1	1	0
-285	1_3_53d_425_Ja_Ro	2	1	0
-337	1_1_25a_425_Ro_Mi	0	1	0
-384	1_1_26a_425_Ro_Mi	1	1	0
-519	1_1_27a_425_Ro_Mi	2	1	0
-594	1_2_34c_425_Ja_Ro	0	1	0
-594	1_2_35c_425_Ja_Ro	1	1	0
-548	1_2_36c_425_Ja_Ro	2	1	3
-414	1_1_31b_425_Ro_Ja	0	1	0
-598	1_1_32b_425_Ro_Ja	1	1	0
-371	1_1_33b_425_Ro_Ja	2	1	0
-615	1_2_10c_425_Ja_Ar	0	1	0
-623	1_2_11c_425_Ja_Ar	1	1	0
-628	1_2_12c_425_Ja_Ar	2	1	0
-326	1_3_43a_425_Ko_Mi	0	1	0
-348	1_3_44a_425_Ko_Mi	1	1	0
-269	1_3_45a_425_Ko_Mi	2	1	0
-474	1_1_1a_425_Ar_Mi	0	1	0
-495	1_1_2a_425_Ar_Mi	1	1	0
-496	1_1_3a_425_Ar_Mi	2	1	0
-571	1_2_4b_425_Ar_Mi	0	1	0
-520	1_2_5b_425_Ar_Mi	1	1	0
-499	1_2_6b_425_Ar_Mi	2	1	0
-623	1_2_22a_425_Ko_Ja	0	1	0
-577	1_2_23a_425_Ko_Ja	1	1	0
-583	1_2_24a_425_Ko_Ja	2	1	0
-505	1_1_7b_425_Ar_Ja	0	1	0
-421	1_1_8b_425_Ar_Ja	1	1	0
-407	1_1_9b_425_Ar_Ja	2	1	0
-361	1_1_13c_425_Mi_Ko	0	1	0
-364	1_1_14c_425_Mi_Ko	1	1	0
-558	1_1_15c_425_Mi_Ko	2	1	0
-223	1_3_51c_425_Mi_Ro	0	1	0
-355	1_3_49c_425_Mi_Ro	1	1	0
-348	1_3_50c_425_Mi_Ro	2	1	3
414	3_1_21b_425_Ko_Ja	0	2	0
461	3_1_19b_425_Ko_Ja	1	2	0
506	3_1_20b_425_Ko_Ja	2	2	0
479	3_3_37a_425_Ar_Mi	0	2	0
521	3_3_38a_425_Ar_Mi	1	2	0
387	3_3_39a_425_Ar_Mi	2	2	0
553	3_3_41b_425_Ar_Ja	0	2	0
293	3_3_42b_425_Ar_Ja	1	2	0
531	3_3_40b_425_Ar_Ja	2	2	0
257	3_2_34a_425_Ro_Ja	0	2	0
257	3_2_35a_425_Ro_Ja	1	2	0
303	3_2_36a_425_Ro_Ja	2	2	0
648	3_3_52b_425_Ro_Ja	0	2	0
394	3_3_54b_425_Ro_Ja	1	2	0
566	3_3_53b_425_Ro_Ja	2	2	0
376	3_1_1c_425_Mi_Ar	0	2	0
355	3_1_2c_425_Mi_Ar	1	2	0
354	3_1_3c_425_Mi_Ar	2	2	0
489	3_1_13a_425_Ko_Mi	0	2	0
486	3_1_14a_425_Ko_Mi	1	2	0
292	3_1_15a_425_Ko_Mi	2	2	0
228	3_2_22c_425_Ja_Ko	0	2	0
274	3_2_23c_425_Ja_Ko	1	2	0
268	3_2_24c_425_Ja_Ko	2	2	0
298	3_2_16b_425_Ko_Mi	0	2	0
264	3_2_17b_425_Ko_Mi	1	2	0
248	3_2_18b_425_Ko_Mi	2	2	3
513	3_1_25c_425_Mi_Ro	0	2	0
466	3_1_26c_425_Mi_Ro	1	2	0
331	3_1_27c_425_Mi_Ro	2	2	0
541	3_3_48d_425_Ja_Ko	0	2	0
669	3_3_46d_425_Ja_Ko	1	2	0
413	3_3_47d_425_Ja_Ko	2	2	0
345	3_1_7d_425_Ja_Ar	0	2	0
429	3_1_8d_425_Ja_Ar	1	2	0
443	3_1_9d_425_Ja_Ar	2	2	0
628	3_3_51a_425_Ro_Mi	0	2	0
496	3_3_49a_425_Ro_Mi	1	2	0
503	3_3_50a_425_Ro_Mi	2	2	0
436	3_1_31d_425_Ja_Ro	0	2	0
252	3_1_32d_425_Ja_Ro	1	2	0
479	3_1_33d_425_Ja_Ro	2	2	0
236	3_2_10a_425_Ar_Ja	0	2	0
228	3_2_11a_425_Ar_Ja	1	2	0
223	3_2_12a_425_Ar_Ja	2	2	0
280	3_2_4d_425_Mi_Ar	0	2	0
331	3_2_5d_425_Mi_Ar	1	2	0
352	3_2_6d_425_Mi_Ar	2	2	0
321	3_2_28d_425_Mi_Ro	0	2	0
325	3_2_29d_425_Mi_Ro	1	2	0
282	3_2_30d_425_Mi_Ro	2	2	0
525	3_3_43c_425_Mi_Ko	0	2	0
503	3_3_44c_425_Mi_Ko	1	2	0
582	3_3_45c_425_Mi_Ko	2	2	3
-341	1_1_15d_525_Mi_Ko	0	3	0
-412	1_1_13d_525_Mi_Ko	1	3	0
-223	1_1_14d_525_Mi_Ko	2	3	0
-499	1_2_10d_525_Ja_Ar	0	3	0
-541	1_2_11d_525_Ja_Ar	1	3	0
-444	1_2_12d_525_Ja_Ar	2	3	0
-429	1_1_7c_525_Ja_Ar	0	3	0
-294	1_1_8c_525_Ja_Ar	1	3	0
-279	1_1_9c_525_Ja_Ar	2	3	0
-59	1_3_49d_525_Mi_Ro	0	3	0
-70	1_3_50d_525_Mi_Ro	1	3	0
-237	1_3_51d_525_Mi_Ro	2	3	0
-355	1_1_19a_525_Ko_Ja	0	3	0
-303	1_1_20a_525_Ko_Ja	1	3	0
-294	1_1_21a_525_Ko_Ja	2	3	0
-145	1_3_46c_525_Ja_Ko	0	3	0
-242	1_3_47c_525_Ja_Ko	1	3	0
-261	1_3_48c_525_Ja_Ko	2	3	0
-434	1_2_28c_525_Mi_Ro	0	3	0
-457	1_2_29c_525_Mi_Ro	1	3	0
-529	1_2_30c_525_Mi_Ro	2	3	0
-115	1_3_43b_525_Ko_Mi	0	3	0
-316	1_3_45b_525_Ko_Mi	1	3	0
-207	1_3_44b_525_Ko_Mi	2	3	0
-462	1_2_34d_525_Ja_Ro	0	3	0
-430	1_2_35d_525_Ja_Ro	1	3	0
-554	1_2_36d_525_Ja_Ro	2	3	3
-196	1_3_4c_525_Mi_Ar	0	3	0
-95	1_3_5c_525_Mi_Ar	1	3	0
-182	1_3_6c_525_Mi_Ar	2	3	0
-295	1_1_31c_525_Ja_Ro	0	3	0
-230	1_1_32c_525_Ja_Ro	1	3	0
-300	1_1_33c_525_Ja_Ro	2	3	0
-444	1_2_16a_525_Ko_Mi	0	3	0
-463	1_2_17a_525_Ko_Mi	1	3	0
-477	1_2_18a_525_Ko_Mi	2	3	0
-100	1_3_40a_525_Ar_Ja	0	3	0
-159	1_3_41a_525_Ar_Ja	1	3	0
-242	1_3_42a_525_Ar_Ja	2	3	0
-124	1_3_37b_525_Ar_Mi	0	3	0
-168	1_3_38b_525_Ar_Mi	1	3	0
-168	1_3_39b_525_Ar_Mi	2	3	0
-226	1_3_52a_525_Ro_Ja	0	3	0
-261	1_3_53a_525_Ro_Ja	1	3	0
-172	1_3_54a_525_Ro_Ja	2	3	0
-407	1_1_25b_525_Ro_Mi	0	3	0
-237	1_1_26b_525_Ro_Mi	1	3	0
-342	1_1_27b_525_Ro_Mi	2	3	0
-260	1_1_1b_525_Ar_Mi	0	3	0
-308	1_1_2b_525_Ar_Mi	1	3	0
-406	1_1_3b_525_Ar_Mi	2	3	0
-536	1_2_22b_525_Ko_Ja	0	3	0
-465	1_2_23b_525_Ko_Ja	1	3	0
-513	1_2_24b_525_Ko_Ja	2	3	3
709	3_1_15b_525_Ko_Mi	0	4	0
638	3_1_13b_525_Ko_Mi	1	4	0
827	3_1_14b_525_Ko_Mi	2	4	0
643	3_1_25d_525_Mi_Ro	0	4	0
813	3_1_26d_525_Mi_Ro	1	4	0
708	3_1_27d_525_Mi_Ro	2	4	0
927	3_3_37b_525_Ar_Mi	0	4	0
883	3_3_38b_525_Ar_Mi	1	4	0
883	3_3_39b_525_Ar_Mi	2	4	0
790	3_1_1d_525_Mi_Ar	0	4	0
742	3_1_2d_525_Mi_Ar	1	4	0
644	3_1_3d_525_Mi_Ar	2	4	0
755	3_1_31a_525_Ro_Ja	0	4	0
820	3_1_32a_525_Ro_Ja	1	4	0
750	3_1_33a_525_Ro_Ja	2	4	0
936	3_3_43d_525_Mi_Ko	0	4	0
735	3_3_45d_525_Mi_Ko	1	4	0
844	3_3_44d_525_Mi_Ko	2	4	0
906	3_3_46a_525_Ko_Ja	0	4	0
809	3_3_47a_525_Ko_Ja	1	4	0
790	3_3_48a_525_Ko_Ja	2	4	0
607	3_2_16c_525_Mi_Ko	0	4	0
588	3_2_17c_525_Mi_Ko	1	4	0
574	3_2_18c_525_Mi_Ko	2	4	0
617	3_2_28a_525_Ro_Mi	0	4	0
594	3_2_29a_525_Ro_Mi	1	4	0
522	3_2_30a_525_Ro_Mi	2	4	3
992	3_3_49b_525_Ro_Mi	0	4	0
981	3_3_50b_525_Ro_Mi	1	4	0
814	3_3_51b_525_Ro_Mi	2	4	0
589	3_2_34b_525_Ro_Ja	0	4	0
621	3_2_35b_525_Ro_Ja	1	4	0
497	3_2_36b_525_Ro_Ja	2	4	0
621	3_1_7a_525_Ar_Ja	0	4	0
756	3_1_8a_525_Ar_Ja	1	4	0
771	3_1_9a_525_Ar_Ja	2	4	0
540	3_2_4a_525_Ar_Mi	0	4	0
641	3_2_5a_525_Ar_Mi	1	4	0
554	3_2_6a_525_Ar_Mi	2	4	0
552	3_2_10b_525_Ar_Ja	0	4	0
510	3_2_11b_525_Ar_Ja	1	4	0
607	3_2_12b_525_Ar_Ja	2	4	0
951	3_3_40c_525_Ja_Ar	0	4	0
892	3_3_41c_525_Ja_Ar	1	4	0
809	3_3_42c_525_Ja_Ar	2	4	0
515	3_2_22d_525_Ja_Ko	0	4	0
586	3_2_23d_525_Ja_Ko	1	4	0
538	3_2_24d_525_Ja_Ko	2	4	0
695	3_1_19c_525_Ja_Ko	0	4	0
747	3_1_20c_525_Ja_Ko	1	4	0
756	3_1_21c_525_Ja_Ko	2	4	0
825	3_3_52c_525_Ja_Ro	0	4	0
790	3_3_53c_525_Ja_Ro	1	4	0
879	3_3_54c_525_Ja_Ro	2	4	99
489	3_1_13c_425_Mi_Ko	0	0	0
486	3_1_14c_425_Mi_Ko	1	0	0
292	3_1_15c_425_Mi_Ko	2	0	0
540	3_2_4c_525_Mi_Ar	0	0	0
641	3_2_5c_525_Mi_Ar	1	0	0
554	3_2_6c_525_Mi_Ar	2	0	0
-499	1_2_10b_525_Ar_Ja	0	0	0
-541	1_2_11b_525_Ar_Ja	1	0	0
-444	1_2_12b_525_Ar_Ja	2	0	0
-223	1_3_51a_425_Ro_Mi	0	0	0
-355	1_3_49a_425_Ro_Mi	1	0	0
-348	1_3_50a_425_Ro_Mi	2	0	1
-553	1_2_22c_525_Ja_Ko	0	1	0
-507	1_2_23c_525_Ja_Ko	1	1	0
-513	1_2_24c_525_Ja_Ko	2	1	0
-524	1_2_34a_525_Ro_Ja	0	1	0
-524	1_2_35a_525_Ro_Ja	1	1	0
-478	1_2_36a_525_Ro_Ja	2	1	0
-545	1_2_10a_525_Ar_Ja	0	1	0
-553	1_2_11a_525_Ar_Ja	1	1	0
-558	1_2_12a_525_Ar_Ja	2	1	0
-73	1_3_52b_525_Ro_Ja	0	1	0
-327	1_3_54b_525_Ro_Ja	1	1	0
-155	1_3_53b_525_Ro_Ja	2	1	0
-242	1_3_37c_525_Mi_Ar	0	1	0
-200	1_3_38c_525_Mi_Ar	1	1	0
-334	1_3_39c_525_Mi_Ar	2	1	0
-336	1_1_21b_525_Ko_Ja	0	1	0
-289	1_1_19b_525_Ko_Ja	1	1	0
-244	1_1_20b_525_Ko_Ja	2	1	0
-483	1_2_16b_525_Ko_Mi	0	1	0
-517	1_2_17b_525_Ko_Mi	1	1	0
-533	1_2_18b_525_Ko_Mi	2	1	0
-460	1_2_28d_525_Mi_Ro	0	1	0
-456	1_2_29d_525_Mi_Ro	1	1	0
-499	1_2_30d_525_Mi_Ro	2	1	0
-93	1_3_51a_525_Ro_Mi	0	1	0
-225	1_3_49a_525_Ro_Mi	1	1	0
-218	1_3_50a_525_Ro_Mi	2	1	3
-405	1_1_7d_525_Ja_Ar	0	1	0
-321	1_1_8d_525_Ja_Ar	1	1	0
-307	1_1_9d_525_Ja_Ar	2	1	0
-196	1_3_43c_525_Mi_Ko	0	1	0
-190	1_3_44c_525_Mi_Ko	1	1	0
-139	1_3_45c_525_Mi_Ko	2	1	0
-237	1_1_25c_525_Mi_Ro	0	1	0
-284	1_1_26c_525_Mi_Ro	1	1	0
-419	1_1_27c_525_Mi_Ro	2	1	0
-168	1_3_41b_525_Ar_Ja	0	1	0
-428	1_3_42b_525_Ar_Ja	1	1	0
-190	1_3_40b_525_Ar_Ja	2	1	0
-167	1_3_48d_525_Ja_Ko	0	1	0
-52	1_3_46d_525_Ja_Ko	1	1	0
-308	1_3_47d_525_Ja_Ko	2	1	0
-314	1_1_31d_525_Ja_Ro	0	1	0
-371	1_1_32d_525_Ja_Ro	1	1	0
-271	1_1_33d_525_Ja_Ro	2	1	0
-261	1_1_13a_525_Ko_Mi	0	1	0
-264	1_1_14a_525_Ko_Mi	1	1	0
-458	1_1_15a_525_Ko_Mi	2	1	0
-185	1_3_4d_525_Mi_Ar	0	1	0
-135	1_3_5d_525_Mi_Ar	1	1	0
-114	1_3_6d_525_Mi_Ar	2	1	0
-374	1_1_1c_525_Mi_Ar	0	1	0
-395	1_1_2c_525_Mi_Ar	1	1	0
-396	1_1_3c_525_Mi_Ar	2	1	3
347	3_2_28a_425_Ro_Mi	0	2	0
324	3_2_29a_425_Ro_Mi	1	2	0
252	3_2_30a_425_Ro_Mi	2	2	0
343	3_1_25d_425_Mi_Ro	0	2	0
513	3_1_26d_425_Mi_Ro	1	2	0
408	3_1_27d_425_Mi_Ro	2	2	0
455	3_1_31a_425_Ro_Ja	0	2	0
506	3_1_32a_425_Ro_Ja	1	2	0
450	3_1_33a_425_Ro_Ja	2	2	0
395	3_1_19c_425_Ja_Ko	0	2	0
447	3_1_20c_425_Ja_Ko	1	2	0
456	3_1_21c_425_Ja_Ko	2	2	0
490	3_1_1d_425_Mi_Ar	0	2	0
442	3_1_2d_425_Mi_Ar	1	2	0
344	3_1_3d_425_Mi_Ar	2	2	0
597	3_3_37b_425_Ar_Mi	0	2	0
553	3_3_38b_425_Ar_Mi	1	2	0
553	3_3_39b_425_Ar_Mi	2	2	0
245	3_2_22d_425_Ja_Ko	0	2	0
316	3_2_23d_425_Ja_Ko	1	2	0
268	3_2_24d_425_Ja_Ko	2	2	0
495	3_3_52c_425_Ja_Ro	0	2	0
393	3_3_53c_425_Ja_Ro	1	2	0
549	3_3_54c_425_Ja_Ro	2	2	0
614	3_3_46a_425_Ko_Ja	0	2	0
493	3_3_47a_425_Ko_Ja	1	2	0
460	3_3_48a_425_Ko_Ja	2	2	3
321	3_1_7a_425_Ar_Ja	0	2	0
456	3_1_8a_425_Ar_Ja	1	2	0
471	3_1_9a_425_Ar_Ja	2	2	0
337	3_2_16c_425_Mi_Ko	0	2	0
318	3_2_17c_425_Mi_Ko	1	2	0
304	3_2_18c_425_Mi_Ko	2	2	0
676	3_3_49b_425_Ro_Mi	0	2	0
610	3_3_50b_425_Ro_Mi	1	2	0
484	3_3_51b_425_Ro_Mi	2	2	0
270	3_2_4a_425_Ar_Mi	0	2	0
371	3_2_5a_425_Ar_Mi	1	2	0
284	3_2_6a_425_Ar_Mi	2	2	0
282	3_2_10b_425_Ar_Ja	0	2	0
240	3_2_11b_425_Ar_Ja	1	2	0
337	3_2_12b_425_Ar_Ja	2	2	0
606	3_3_43d_425_Mi_Ko	0	2	0
405	3_3_45d_425_Mi_Ko	1	2	0
514	3_3_44d_425_Mi_Ko	2	2	0
573	3_3_40c_425_Ja_Ar	0	2	0
562	3_3_41c_425_Ja_Ar	1	2	0
479	3_3_42c_425_Ja_Ar	2	2	0
319	3_2_34b_425_Ro_Ja	0	2	0
351	3_2_35b_425_Ro_Ja	1	2	0
227	3_2_36b_425_Ro_Ja	2	2	0
409	3_1_15b_425_Ko_Mi	0	2	0
338	3_1_13b_425_Ko_Mi	1	2	0
527	3_1_14b_425_Ko_Mi	2	2	3
-532	1_2_34d_425_Ja_Ro	0	3	0
-500	1_2_35d_425_Ja_Ro	1	3	0
-624	1_2_36d_425_Ja_Ro	2	3	0
-395	1_1_31c_425_Ja_Ro	0	3	0
-344	1_1_32c_425_Ja_Ro	1	3	0
-400	1_1_33c_425_Ja_Ro	2	3	0
-606	1_2_22b_425_Ko_Ja	0	3	0
-535	1_2_23b_425_Ko_Ja	1	3	0
-583	1_2_24b_425_Ko_Ja	2	3	0
-245	1_3_43b_425_Ko_Mi	0	3	0
-446	1_3_45b_425_Ko_Mi	1	3	0
-337	1_3_44b_425_Ko_Mi	2	3	0
-455	1_1_19a_425_Ko_Ja	0	3	0
-403	1_1_20a_425_Ko_Ja	1	3	0
-394	1_1_21a_425_Ko_Ja	2	3	0
-581	1_2_4c_425_Mi_Ar	0	3	0
-480	1_2_5c_425_Mi_Ar	1	3	0
-567	1_2_6c_425_Mi_Ar	2	3	0
-529	1_1_7c_425_Ja_Ar	0	3	0
-394	1_1_8c_425_Ja_Ar	1	3	0
-379	1_1_9c_425_Ja_Ar	2	3	0
-360	1_1_1b_425_Ar_Mi	0	3	0
-408	1_1_2b_425_Ar_Mi	1	3	0
-506	1_1_3b_425_Ar_Mi	2	3	0
-237	1_3_46c_425_Ja_Ko	0	3	0
-358	1_3_47c_425_Ja_Ko	1	3	0
-391	1_3_48c_425_Ja_Ko	2	3	3
-278	1_3_40a_425_Ar_Ja	0	3	0
-289	1_3_41a_425_Ar_Ja	1	3	0
-372	1_3_42a_425_Ar_Ja	2	3	0
-514	1_2_16a_425_Ko_Mi	0	3	0
-533	1_2_17a_425_Ko_Mi	1	3	0
-547	1_2_18a_425_Ko_Mi	2	3	0
-356	1_3_52a_425_Ro_Ja	0	3	0
-458	1_3_53a_425_Ro_Ja	1	3	0
-302	1_3_54a_425_Ro_Ja	2	3	0
-441	1_1_15d_425_Mi_Ko	0	3	0
-512	1_1_13d_425_Mi_Ko	1	3	0
-323	1_1_14d_425_Mi_Ko	2	3	0
-504	1_2_28c_425_Mi_Ro	0	3	0
-527	1_2_29c_425_Mi_Ro	1	3	0
-599	1_2_30c_425_Mi_Ro	2	3	0
-254	1_3_37d_425_Mi_Ar	0	3	0
-298	1_3_38d_425_Mi_Ar	1	3	0
-298	1_3_39d_425_Mi_Ar	2	3	0
-175	1_3_49d_425_Mi_Ro	0	3	0
-241	1_3_50d_425_Mi_Ro	1	3	0
-367	1_3_51d_425_Mi_Ro	2	3	0
-569	1_2_10d_425_Ja_Ar	0	3	0
-611	1_2_11d_425_Ja_Ar	1	3	0
-514	1_2_12d_425_Ja_Ar	2	3	0
-507	1_1_25b_425_Ro_Mi	0	3	0
-337	1_1_26b_425_Ro_Mi	1	3	0
-442	1_1_27b_425_Ro_Mi	2	3	3
551	3_2_4b_525_Ar_Mi	0	4	0
601	3_2_5b_525_Ar_Mi	1	4	0
622	3_2_6b_525_Ar_Mi	2	4	0
506	3_2_10c_525_Ja_Ar	0	4	0
498	3_2_11c_525_Ja_Ar	1	4	0
493	3_2_12c_525_Ja_Ar	2	4	0
676	3_1_1a_525_Ar_Mi	0	4	0
655	3_1_2a_525_Ar_Mi	1	4	0
654	3_1_3a_525_Ar_Mi	2	4	0
591	3_2_28b_525_Ro_Mi	0	4	0
595	3_2_29b_525_Ro_Mi	1	4	0
552	3_2_30b_525_Ro_Mi	2	4	0
958	3_3_51c_525_Mi_Ro	0	4	0
826	3_3_49c_525_Mi_Ro	1	4	0
833	3_3_50c_525_Mi_Ro	2	4	0
498	3_2_22a_525_Ko_Ja	0	4	0
544	3_2_23a_525_Ko_Ja	1	4	0
538	3_2_24a_525_Ko_Ja	2	4	0
645	3_1_7b_525_Ar_Ja	0	4	0
729	3_1_8b_525_Ar_Ja	1	4	0
743	3_1_9b_525_Ar_Ja	2	4	0
978	3_3_52d_525_Ja_Ro	0	4	0
724	3_3_54d_525_Ja_Ro	1	4	0
896	3_3_53d_525_Ja_Ro	2	4	0
883	3_3_41d_525_Ja_Ar	0	4	0
623	3_3_42d_525_Ja_Ar	1	4	0
861	3_3_40d_525_Ja_Ar	2	4	3
884	3_3_48b_525_Ko_Ja	0	4	0
999	3_3_46b_525_Ko_Ja	1	4	0
743	3_3_47b_525_Ko_Ja	2	4	0
527	3_2_34c_525_Ja_Ro	0	4	0
527	3_2_35c_525_Ja_Ro	1	4	0
573	3_2_36c_525_Ja_Ro	2	4	0
568	3_2_16d_525_Mi_Ko	0	4	0
534	3_2_17d_525_Mi_Ko	1	4	0
518	3_2_18d_525_Mi_Ko	2	4	0
736	3_1_31b_525_Ro_Ja	0	4	0
679	3_1_32b_525_Ro_Ja	1	4	0
779	3_1_33b_525_Ro_Ja	2	4	0
809	3_3_37c_525_Mi_Ar	0	4	0
851	3_3_38c_525_Mi_Ar	1	4	0
717	3_3_39c_525_Mi_Ar	2	4	0
813	3_1_25a_525_Ro_Mi	0	4	0
766	3_1_26a_525_Ro_Mi	1	4	0
631	3_1_27a_525_Ro_Mi	2	4	0
855	3_3_43a_525_Ko_Mi	0	4	0
861	3_3_44a_525_Ko_Mi	1	4	0
912	3_3_45a_525_Ko_Mi	2	4	0
714	3_1_21d_525_Ja_Ko	0	4	0
761	3_1_19d_525_Ja_Ko	1	4	0
806	3_1_20d_525_Ja_Ko	2	4	0
789	3_1_13c_525_Mi_Ko	0	4	0
786	3_1_14c_525_Mi_Ko	1	4	0
592	3_1_15c_525_Mi_Ko	2	4	99
395	3_1_19a_425_Ko_Ja	0	0	0
447	3_1_20a_425_Ko_Ja	1	0	0
456	3_1_21a_425_Ko_Ja	2	0	0
883	3_3_41b_525_Ar_Ja	0	0	0
623	3_3_42b_525_Ar_Ja	1	0	0
861	3_3_40b_525_Ar_Ja	2	0	0
-606	1_2_22d_425_Ja_Ko	0	0	0
-535	1_2_23d_425_Ja_Ko	1	0	0
-583	1_2_24d_425_Ja_Ko	2	0	0
-460	1_2_28b_525_Ro_Mi	0	0	0
-456	1_2_29b_525_Ro_Mi	1	0	0
-499	1_2_30b_525_Ro_Mi	2	0	1
489	3_1_13c_425_Mi_Ko	0	1	0
486	3_1_14c_425_Mi_Ko	1	1	0
292	3_1_15c_425_Mi_Ko	2	1	0
541	3_3_48b_425_Ko_Ja	0	1	0
669	3_3_46b_425_Ko_Ja	1	1	0
413	3_3_47b_425_Ko_Ja	2	1	0
436	3_1_31b_425_Ro_Ja	0	1	0
252	3_1_32b_425_Ro_Ja	1	1	0
479	3_1_33b_425_Ro_Ja	2	1	0
345	3_1_7b_425_Ar_Ja	0	1	0
429	3_1_8b_425_Ar_Ja	1	1	0
443	3_1_9b_425_Ar_Ja	2	1	0
525	3_3_43a_425_Ko_Mi	0	1	0
503	3_3_44a_425_Ko_Mi	1	1	0
582	3_3_45a_425_Ko_Mi	2	1	0
479	3_3_37c_425_Mi_Ar	0	1	0
521	3_3_38c_425_Mi_Ar	1	1	0
387	3_3_39c_425_Mi_Ar	2	1	0
228	3_2_22a_425_Ko_Ja	0	1	0
274	3_2_23a_425_Ko_Ja	1	1	0
268	3_2_24a_425_Ko_Ja	2	1	0
513	3_1_25a_425_Ro_Mi	0	1	0
466	3_1_26a_425_Ro_Mi	1	1	0
331	3_1_27a_425_Ro_Mi	2	1	0
648	3_3_52d_425_Ja_Ro	0	1	0
394	3_3_54d_425_Ja_Ro	1	1	0
566	3_3_53d_425_Ja_Ro	2	1	3
414	3_1_21d_425_Ja_Ko	0	1	0
461	3_1_19d_425_Ja_Ko	1	1	0
506	3_1_20d_425_Ja_Ko	2	1	0
321	3_2_28b_425_Ro_Mi	0	1	0
325	3_2_29b_425_Ro_Mi	1	1	0
282	3_2_30b_425_Ro_Mi	2	1	0
376	3_1_1a_425_Ar_Mi	0	1	0
355	3_1_2a_425_Ar_Mi	1	1	0
354	3_1_3a_425_Ar_Mi	2	1	0
236	3_2_10c_425_Ja_Ar	0	1	0
228	3_2_11c_425_Ja_Ar	1	1	0
223	3_2_12c_425_Ja_Ar	2	1	0
553	3_3_41d_425_Ja_Ar	0	1	0
293	3_3_42d_425_Ja_Ar	1	1	0
531	3_3_40d_425_Ja_Ar	2	1	0
257	3_2_34c_425_Ja_Ro	0	1	0
257	3_2_35c_425_Ja_Ro	1	1	0
303	3_2_36c_425_Ja_Ro	2	1	0
280	3_2_4b_425_Ar_Mi	0	1	0
331	3_2_5b_425_Ar_Mi	1	1	0
352	3_2_6b_425_Ar_Mi	2	1	0
298	3_2_16d_425_Mi_Ko	0	1	0
264	3_2_17d_425_Mi_Ko	1	1	0
248	3_2_18d_425_Mi_Ko	2	1	0
628	3_3_51c_425_Mi_Ro	0	1	0
496	3_3_49c_425_Mi_Ro	1	1	0
503	3_3_50c_425_Mi_Ro	2	1	3
540	3_2_4c_525_Mi_Ar	0	2	0
641	3_2_5c_525_Mi_Ar	1	2	0
554	3_2_6c_525_Mi_Ar	2	2	0
695	3_1_19a_525_Ko_Ja	0	2	0
747	3_1_20a_525_Ko_Ja	1	2	0
756	3_1_21a_525_Ko_Ja	2	2	0
755	3_1_31c_525_Ja_Ro	0	2	0
820	3_1_32c_525_Ja_Ro	1	2	0
750	3_1_33c_525_Ja_Ro	2	2	0
643	3_1_25b_525_Ro_Mi	0	2	0
813	3_1_26b_525_Ro_Mi	1	2	0
708	3_1_27b_525_Ro_Mi	2	2	0
617	3_2_28c_525_Mi_Ro	0	2	0
594	3_2_29c_525_Mi_Ro	1	2	0
522	3_2_30c_525_Mi_Ro	2	2	0
825	3_3_52a_525_Ro_Ja	0	2	0
790	3_3_53a_525_Ro_Ja	1	2	0
879	3_3_54a_525_Ro_Ja	2	2	0
709	3_1_15d_525_Mi_Ko	0	2	0
638	3_1_13d_525_Mi_Ko	1	2	0
827	3_1_14d_525_Mi_Ko	2	2	0
951	3_3_40a_525_Ar_Ja	0	2	0
892	3_3_41a_525_Ar_Ja	1	2	0
809	3_3_42a_525_Ar_Ja	2	2	0
552	3_2_10d_525_Ja_Ar	0	2	0
510	3_2_11d_525_Ja_Ar	1	2	0
607	3_2_12d_525_Ja_Ar	2	2	3
621	3_1_7c_525_Ja_Ar	0	2	0
756	3_1_8c_525_Ja_Ar	1	2	0
771	3_1_9c_525_Ja_Ar	2	2	0
906	3_3_46c_525_Ja_Ko	0	2	0
809	3_3_47c_525_Ja_Ko	1	2	0
790	3_3_48c_525_Ja_Ko	2	2	0
589	3_2_34d_525_Ja_Ro	0	2	0
621	3_2_35d_525_Ja_Ro	1	2	0
497	3_2_36d_525_Ja_Ro	2	2	0
992	3_3_49d_525_Mi_Ro	0	2	0
981	3_3_50d_525_Mi_Ro	1	2	0
814	3_3_51d_525_Mi_Ro	2	2	0
515	3_2_22b_525_Ko_Ja	0	2	0
586	3_2_23b_525_Ko_Ja	1	2	0
538	3_2_24b_525_Ko_Ja	2	2	0
927	3_3_37d_525_Mi_Ar	0	2	0
883	3_3_38d_525_Mi_Ar	1	2	0
883	3_3_39d_525_Mi_Ar	2	2	0
790	3_1_1b_525_Ar_Mi	0	2	0
742	3_1_2b_525_Ar_Mi	1	2	0
644	3_1_3b_525_Ar_Mi	2	2	0
607	3_2_16a_525_Ko_Mi	0	2	0
588	3_2_17a_525_Ko_Mi	1	2	0
574	3_2_18a_525_Ko_Mi	2	2	0
936	3_3_43b_525_Ko_Mi	0	2	0
735	3_3_45b_525_Ko_Mi	1	2	0
844	3_3_44b_525_Ko_Mi	2	2	3
-499	1_2_10b_525_Ar_Ja	0	3	0
-541	1_2_11b_525_Ar_Ja	1	3	0
-444	1_2_12b_525_Ar_Ja	2	3	0
-407	1_1_25d_525_Mi_Ro	0	3	0
-237	1_1_26d_525_Mi_Ro	1	3	0
-342	1_1_27d_525_Mi_Ro	2	3	0
-145	1_3_46a_525_Ko_Ja	0	3	0
-242	1_3_47a_525_Ko_Ja	1	3	0
-261	1_3_48a_525_Ko_Ja	2	3	0
-59	1_3_49b_525_Ro_Mi	0	3	0
-70	1_3_50b_525_Ro_Mi	1	3	0
-237	1_3_51b_525_Ro_Mi	2	3	0
-536	1_2_22d_525_Ja_Ko	0	3	0
-465	1_2_23d_525_Ja_Ko	1	3	0
-513	1_2_24d_525_Ja_Ko	2	3	0
-115	1_3_43d_525_Mi_Ko	0	3	0
-316	1_3_45d_525_Mi_Ko	1	3	0
-207	1_3_44d_525_Mi_Ko	2	3	0
-462	1_2_34b_525_Ro_Ja	0	3	0
-430	1_2_35b_525_Ro_Ja	1	3	0
-554	1_2_36b_525_Ro_Ja	2	3	0
-196	1_3_4a_525_Ar_Mi	0	3	0
-95	1_3_5a_525_Ar_Mi	1	3	0
-182	1_3_6a_525_Ar_Mi	2	3	0
-341	1_1_15b_525_Ko_Mi	0	3	0
-412	1_1_13b_525_Ko_Mi	1	3	0
-223	1_1_14b_525_Ko_Mi	2	3	3
-355	1_1_19c_525_Ja_Ko	0	3	0
-303	1_1_20c_525_Ja_Ko	1	3	0
-294	1_1_21c_525_Ja_Ko	2	3	0
-434	1_2_28a_525_Ro_Mi	0	3	0
-457	1_2_29a_525_Ro_Mi	1	3	0
-529	1_2_30a_525_Ro_Mi	2	3	0
-100	1_3_40c_525_Ja_Ar	0	3	0
-159	1_3_41c_525_Ja_Ar	1	3	0
-242	1_3_42c_525_Ja_Ar	2	3	0
-226	1_3_52c_525_Ja_Ro	0	3	0
-261	1_3_53c_525_Ja_Ro	1	3	0
-172	1_3_54c_525_Ja_Ro	2	3	0
-444	1_2_16c_525_Mi_Ko	0	3	0
-463	1_2_17c_525_Mi_Ko	1	3	0
-477	1_2_18c_525_Mi_Ko	2	3	0
-429	1_1_7a_525_Ar_Ja	0	3	0
-294	1_1_8a_525_Ar_Ja	1	3	0
-279	1_1_9a_525_Ar_Ja	2	3	0
-295	1_1_31a_525_Ro_Ja	0	3	0
-230	1_1_32a_525_Ro_Ja	1	3	0
-300	1_1_33a_525_Ro_Ja	2	3	0
-260	1_1_1d_525_Mi_Ar	0	3	0
-308	1_1_2d_525_Mi_Ar	1	3	0
-406	1_1_3d_525_Mi_Ar	2	3	0
-124	1_3_37d_525_Mi_Ar	0	3	0
-168	1_3_38d_525_Mi_Ar	1	3	0
-168	1_3_39d_525_Mi_Ar	2	3	3
-223	1_3_51a_425_Ro_Mi	0	4	0
-355	1_3_49a_425_Ro_Mi	1	4	0
-348	1_3_50a_425_Ro_Mi	2	4	0
-474	1_1_1c_425_Mi_Ar	0	4	0
-495	1_1_2c_425_Mi_Ar	1	4	0
-496	1_1_3c_425_Mi_Ar	2	4	0
-337	1_1_25c_425_Mi_Ro	0	4	0
-384	1_1_26c_425_Mi_Ro	1	4	0
-519	1_1_27c_425_Mi_Ro	2	4	0
-361	1_1_13a_425_Ko_Mi	0	4	0
-364	1_1_14a_425_Ko_Mi	1	4	0
-558	1_1_15a_425_Ko_Mi	2	4	0
-505	1_1_7d_425_Ja_Ar	0	4	0
-421	1_1_8d_425_Ja_Ar	1	4	0
-407	1_1_9d_425_Ja_Ar	2	4	0
-594	1_2_34a_425_Ro_Ja	0	4	0
-594	1_2_35a_425_Ro_Ja	1	4	0
-548	1_2_36a_425_Ro_Ja	2	4	0
-623	1_2_22c_425_Ja_Ko	0	4	0
-577	1_2_23c_425_Ja_Ko	1	4	0
-583	1_2_24c_425_Ja_Ko	2	4	0
-553	1_2_16b_425_Ko_Mi	0	4	0
-587	1_2_17b_425_Ko_Mi	1	4	0
-603	1_2_18b_425_Ko_Mi	2	4	0
-372	1_3_37a_425_Ar_Mi	0	4	0
-330	1_3_38a_425_Ar_Mi	1	4	0
-464	1_3_39a_425_Ar_Mi	2	4	3
-203	1_3_52b_425_Ro_Ja	0	4	0
-457	1_3_54b_425_Ro_Ja	1	4	0
-285	1_3_53b_425_Ro_Ja	2	4	0
-615	1_2_10a_425_Ar_Ja	0	4	0
-623	1_2_11a_425_Ar_Ja	1	4	0
-628	1_2_12a_425_Ar_Ja	2	4	0
-326	1_3_43c_425_Mi_Ko	0	4	0
-348	1_3_44c_425_Mi_Ko	1	4	0
-269	1_3_45c_425_Mi_Ko	2	4	0
-414	1_1_31d_425_Ja_Ro	0	4	0
-598	1_1_32d_425_Ja_Ro	1	4	0
-371	1_1_33d_425_Ja_Ro	2	4	0
-298	1_3_41b_425_Ar_Ja	0	4	0
-558	1_3_42b_425_Ar_Ja	1	4	0
-320	1_3_40b_425_Ar_Ja	2	4	0
-571	1_2_4d_425_Mi_Ar	0	4	0
-520	1_2_5d_425_Mi_Ar	1	4	0
-499	1_2_6d_425_Mi_Ar	2	4	0
-530	1_2_28d_425_Mi_Ro	0	4	0
-526	1_2_29d_425_Mi_Ro	1	4	0
-569	1_2_30d_425_Mi_Ro	2	4	0
-436	1_1_21b_425_Ko_Ja	0	4	0
-389	1_1_19b_425_Ko_Ja	1	4	0
-344	1_1_20b_425_Ko_Ja	2	4	0
-310	1_3_48d_425_Ja_Ko	0	4	0
-182	1_3_46d_425_Ja_Ko	1	4	0
-438	1_3_47d_425_Ja_Ko	2	4	99
904	3_3_34b_525_Ro_Ja	0	0	0
936	3_3_35b_525_Ro_Ja	1	0	0
812	3_3_36b_525_Ro_Ja	2	0	0
-275	1_3_28b_425_Ro_Mi	0	0	0
-271	1_3_29b_425_Ro_Mi	1	0	0
-314	1_3_30b_425_Ro_Mi	2	0	0
535	3_3_4d_425_Mi_Ar	0	0	0
586	3_3_5d_425_Mi_Ar	1	0	0
607	3_3_6d_425_Mi_Ar	2	0	0
-147	1_3_34d_525_Ja_Ro	0	0	0
-115	1_3_35d_525_Ja_Ro	1	0	0
-239	1_3_36d_525_Ja_Ro	2	0	1
395	3_1_19a_425_Ko_Ja	0	1	0
447	3_1_20a_425_Ko_Ja	1	1	0
456	3_1_21a_425_Ko_Ja	2	1	0
455	3_1_31c_425_Ja_Ro	0	1	0
506	3_1_32c_425_Ja_Ro	1	1	0
450	3_1_33c_425_Ja_Ro	2	1	0
409	3_1_15d_425_Mi_Ko	0	1	0
338	3_1_13d_425_Mi_Ko	1	1	0
527	3_1_14d_425_Mi_Ko	2	1	0
614	3_3_46c_425_Ja_Ko	0	1	0
493	3_3_47c_425_Ja_Ko	1	1	0
460	3_3_48c_425_Ja_Ko	2	1	0
321	3_1_7c_425_Ja_Ar	0	1	0
456	3_1_8c_425_Ja_Ar	1	1	0
471	3_1_9c_425_Ja_Ar	2	1	0
347	3_2_28c_425_Mi_Ro	0	1	0
324	3_2_29c_425_Mi_Ro	1	1	0
252	3_2_30c_425_Mi_Ro	2	1	0
282	3_2_10d_425_Ja_Ar	0	1	0
240	3_2_11d_425_Ja_Ar	1	1	0
337	3_2_12d_425_Ja_Ar	2	1	0
337	3_2_16a_425_Ko_Mi	0	1	0
318	3_2_17a_425_Ko_Mi	1	1	0
304	3_2_18a_425_Ko_Mi	2	1	0
319	3_2_34d_425_Ja_Ro	0	1	0
351	3_2_35d_425_Ja_Ro	1	1	0
227	3_2_36d_425_Ja_Ro	2	1	3
676	3_3_49d_425_Mi_Ro	0	1	0
610	3_3_50d_425_Mi_Ro	1	1	0
484	3_3_51d_425_Mi_Ro	2	1	0
343	3_1_25b_425_Ro_Mi	0	1	0
513	3_1_26b_425_Ro_Mi	1	1	0
408	3_1_27b_425_Ro_Mi	2	1	0
597	3_3_37d_425_Mi_Ar	0	1	0
553	3_3_38d_425_Mi_Ar	1	1	0
553	3_3_39d_425_Mi_Ar	2	1	0
573	3_3_40a_425_Ar_Ja	0	1	0
562	3_3_41a_425_Ar_Ja	1	1	0
479	3_3_42a_425_Ar_Ja	2	1	0
245	3_2_22b_425_Ko_Ja	0	1	0
316	3_2_23b_425_Ko_Ja	1	1	0
268	3_2_24b_425_Ko_Ja	2	1	0
495	3_3_52a_425_Ro_Ja	0	1	0
393	3_3_53a_425_Ro_Ja	1	1	0
549	3_3_54a_425_Ro_Ja	2	1	0
490	3_1_1b_425_Ar_Mi	0	1	0
442	3_1_2b_425_Ar_Mi	1	1	0
344	3_1_3b_425_Ar_Mi	2	1	0
606	3_3_43b_425_Ko_Mi	0	1	0
405	3_3_45b_425_Ko_Mi	1	1	0
514	3_3_44b_425_Ko_Mi	2	1	0
270	3_2_4c_425_Mi_Ar	0	1	0
371	3_2_5c_425_Mi_Ar	1	1	0
284	3_2_6c_425_Mi_Ar	2	1	3
883	3_3_41b_525_Ar_Ja	0	2	0
623	3_3_42b_525_Ar_Ja	1	2	0
861	3_3_40b_525_Ar_Ja	2	2	0
736	3_1_31d_525_Ja_Ro	0	2	0
679	3_1_32d_525_Ja_Ro	1	2	0
779	3_1_33d_525_Ja_Ro	2	2	0
813	3_1_25c_525_Mi_Ro	0	2	0
766	3_1_26c_525_Mi_Ro	1	2	0
631	3_1_27c_525_Mi_Ro	2	2	0
714	3_1_21b_525_Ko_Ja	0	2	0
761	3_1_19b_525_Ko_Ja	1	2	0
806	3_1_20b_525_Ko_Ja	2	2	0
527	3_2_34a_525_Ro_Ja	0	2	0
527	3_2_35a_525_Ro_Ja	1	2	0
573	3_2_36a_525_Ro_Ja	2	2	0
498	3_2_22c_525_Ja_Ko	0	2	0
544	3_2_23c_525_Ja_Ko	1	2	0
538	3_2_24c_525_Ja_Ko	2	2	0
789	3_1_13a_525_Ko_Mi	0	2	0
786	3_1_14a_525_Ko_Mi	1	2	0
592	3_1_15a_525_Ko_Mi	2	2	0
884	3_3_48d_525_Ja_Ko	0	2	0
999	3_3_46d_525_Ja_Ko	1	2	0
743	3_3_47d_525_Ja_Ko	2	2	0
591	3_2_28d_525_Mi_Ro	0	2	0
595	3_2_29d_525_Mi_Ro	1	2	0
552	3_2_30d_525_Mi_Ro	2	2	3
645	3_1_7d_525_Ja_Ar	0	2	0
729	3_1_8d_525_Ja_Ar	1	2	0
743	3_1_9d_525_Ja_Ar	2	2	0
568	3_2_16b_525_Ko_Mi	0	2	0
534	3_2_17b_525_Ko_Mi	1	2	0
518	3_2_18b_525_Ko_Mi	2	2	0
551	3_2_4d_525_Mi_Ar	0	2	0
601	3_2_5d_525_Mi_Ar	1	2	0
622	3_2_6d_525_Mi_Ar	2	2	0
958	3_3_51a_525_Ro_Mi	0	2	0
826	3_3_49a_525_Ro_Mi	1	2	0
833	3_3_50a_525_Ro_Mi	2	2	0
978	3_3_52b_525_Ro_Ja	0	2	0
724	3_3_54b_525_Ro_Ja	1	2	0
896	3_3_53b_525_Ro_Ja	2	2	0
809	3_3_37a_525_Ar_Mi	0	2	0
851	3_3_38a_525_Ar_Mi	1	2	0
717	3_3_39a_525_Ar_Mi	2	2	0
506	3_2_10a_525_Ar_Ja	0	2	0
498	3_2_11a_525_Ar_Ja	1	2	0
493	3_2_12a_525_Ar_Ja	2	2	0
676	3_1_1c_525_Mi_Ar	0	2	0
655	3_1_2c_525_Mi_Ar	1	2	0
654	3_1_3c_525_Mi_Ar	2	2	0
855	3_3_43c_525_Mi_Ko	0	2	0
861	3_3_44c_525_Mi_Ko	1	2	0
912	3_3_45c_525_Mi_Ko	2	2	3
-606	1_2_22d_425_Ja_Ko	0	3	0
-535	1_2_23d_425_Ja_Ko	1	3	0
-583	1_2_24d_425_Ja_Ko	2	3	0
-237	1_3_46a_425_Ko_Ja	0	3	0
-358	1_3_47a_425_Ko_Ja	1	3	0
-391	1_3_48a_425_Ko_Ja	2	3	0
-254	1_3_37b_425_Ar_Mi	0	3	0
-298	1_3_38b_425_Ar_Mi	1	3	0
-298	1_3_39b_425_Ar_Mi	2	3	0
-441	1_1_15b_425_Ko_Mi	0	3	0
-512	1_1_13b_425_Ko_Mi	1	3	0
-323	1_1_14b_425_Ko_Mi	2	3	0
-278	1_3_40c_425_Ja_Ar	0	3	0
-289	1_3_41c_425_Ja_Ar	1	3	0
-372	1_3_42c_425_Ja_Ar	2	3	0
-569	1_2_10b_425_Ar_Ja	0	3	0
-611	1_2_11b_425_Ar_Ja	1	3	0
-514	1_2_12b_425_Ar_Ja	2	3	0
-514	1_2_16c_425_Mi_Ko	0	3	0
-533	1_2_17c_425_Mi_Ko	1	3	0
-547	1_2_18c_425_Mi_Ko	2	3	0
-507	1_1_25d_425_Mi_Ro	0	3	0
-337	1_1_26d_425_Mi_Ro	1	3	0
-442	1_1_27d_425_Mi_Ro	2	3	0
-504	1_2_28a_425_Ro_Mi	0	3	0
-527	1_2_29a_425_Ro_Mi	1	3	0
-599	1_2_30a_425_Ro_Mi	2	3	3
-455	1_1_19c_425_Ja_Ko	0	3	0
-403	1_1_20c_425_Ja_Ko	1	3	0
-394	1_1_21c_425_Ja_Ko	2	3	0
-529	1_1_7a_425_Ar_Ja	0	3	0
-394	1_1_8a_425_Ar_Ja	1	3	0
-379	1_1_9a_425_Ar_Ja	2	3	0
-532	1_2_34b_425_Ro_Ja	0	3	0
-500	1_2_35b_425_Ro_Ja	1	3	0
-624	1_2_36b_425_Ro_Ja	2	3	0
-395	1_1_31a_425_Ro_Ja	0	3	0
-344	1_1_32a_425_Ro_Ja	1	3	0
-400	1_1_33a_425_Ro_Ja	2	3	0
-581	1_2_4a_425_Ar_Mi	0	3	0
-480	1_2_5a_425_Ar_Mi	1	3	0
-567	1_2_6a_425_Ar_Mi	2	3	0
-356	1_3_52c_425_Ja_Ro	0	3	0
-458	1_3_53c_425_Ja_Ro	1	3	0
-302	1_3_54c_425_Ja_Ro	2	3	0
-245	1_3_43d_425_Mi_Ko	0	3	0
-446	1_3_45d_425_Mi_Ko	1	3	0
-337	1_3_44d_425_Mi_Ko	2	3	0
-175	1_3_49b_425_Ro_Mi	0	3	0
-241	1_3_50b_425_Ro_Mi	1	3	0
-367	1_3_51b_425_Ro_Mi	2	3	0
-360	1_1_1d_425_Mi_Ar	0	3	0
-408	1_1_2d_425_Mi_Ar	1	3	0
-506	1_1_3d_425_Mi_Ar	2	3	3
-460	1_2_28b_525_Ro_Mi	0	4	0
-456	1_2_29b_525_Ro_Mi	1	4	0
-499	1_2_30b_525_Ro_Mi	2	4	0
-336	1_1_21d_525_Ja_Ko	0	4	0
-289	1_1_19d_525_Ja_Ko	1	4	0
-244	1_1_20d_525_Ja_Ko	2	4	0
-242	1_3_37a_525_Ar_Mi	0	4	0
-200	1_3_38a_525_Ar_Mi	1	4	0
-334	1_3_39a_525_Ar_Mi	2	4	0
-73	1_3_52d_525_Ja_Ro	0	4	0
-327	1_3_54d_525_Ja_Ro	1	4	0
-155	1_3_53d_525_Ja_Ro	2	4	0
-545	1_2_10c_525_Ja_Ar	0	4	0
-553	1_2_11c_525_Ja_Ar	1	4	0
-558	1_2_12c_525_Ja_Ar	2	4	0
-405	1_1_7b_525_Ar_Ja	0	4	0
-321	1_1_8b_525_Ar_Ja	1	4	0
-307	1_1_9b_525_Ar_Ja	2	4	0
-237	1_1_25a_525_Ro_Mi	0	4	0
-284	1_1_26a_525_Ro_Mi	1	4	0
-419	1_1_27a_525_Ro_Mi	2	4	0
-167	1_3_48b_525_Ko_Ja	0	4	0
-52	1_3_46b_525_Ko_Ja	1	4	0
-308	1_3_47b_525_Ko_Ja	2	4	0
-553	1_2_22a_525_Ko_Ja	0	4	0
-507	1_2_23a_525_Ko_Ja	1	4	0
-513	1_2_24a_525_Ko_Ja	2	4	3
-93	1_3_51c_525_Mi_Ro	0	4	0
-225	1_3_49c_525_Mi_Ro	1	4	0
-218	1_3_50c_525_Mi_Ro	2	4	0
-196	1_3_43a_525_Ko_Mi	0	4	0
-190	1_3_44a_525_Ko_Mi	1	4	0
-139	1_3_45a_525_Ko_Mi	2	4	0
-314	1_1_31b_525_Ro_Ja	0	4	0
-371	1_1_32b_525_Ro_Ja	1	4	0
-271	1_1_33b_525_Ro_Ja	2	4	0
-374	1_1_1a_525_Ar_Mi	0	4	0
-395	1_1_2a_525_Ar_Mi	1	4	0
-396	1_1_3a_525_Ar_Mi	2	4	0
-524	1_2_34c_525_Ja_Ro	0	4	0
-524	1_2_35c_525_Ja_Ro	1	4	0
-478	1_2_36c_525_Ja_Ro	2	4	0
-483	1_2_16d_525_Mi_Ko	0	4	0
-517	1_2_17d_525_Mi_Ko	1	4	0
-533	1_2_18d_525_Mi_Ko	2	4	0
-185	1_3_4b_525_Ar_Mi	0	4	0
-135	1_3_5b_525_Ar_Mi	1	4	0
-114	1_3_6b_525_Ar_Mi	2	4	0
-168	1_3_41d_525_Ja_Ar	0	4	0
-428	1_3_42d_525_Ja_Ar	1	4	0
-190	1_3_40d_525_Ja_Ar	2	4	0
-261	1_1_13c_525_Mi_Ko	0	4	0
-264	1_1_14c_525_Mi_Ko	1	4	0
-458	1_1_15c_525_Mi_Ko	2	4	99
268	3_2_19c_425_Ja_Ko	0	0	0
320	3_2_20c_425_Ja_Ko	1	0	0
329	3_2_21c_425_Ja_Ko	2	0	0
-249	1_3_28c_425_Mi_Ro	0	0	0
-272	1_3_29c_425_Mi_Ro	1	0	0
-344	1_3_30c_425_Mi_Ro	2	0	0
800	3_1_51c_525_Mi_Ro	0	0	0
668	3_1_49c_525_Mi_Ro	1	0	0
675	3_1_50c_525_Mi_Ro	2	0	0
-563	1_2_7d_525_Ja_Ar	0	0	0
-479	1_2_8d_525_Ja_Ar	1	0	0
-465	1_2_9d_525_Ja_Ar	2	0	1
904	3_3_34b_525_Ro_Ja	0	1	0
936	3_3_35b_525_Ro_Ja	1	1	0
812	3_3_36b_525_Ro_Ja	2	1	0
778	3_1_43d_525_Mi_Ko	0	1	0
577	3_1_45d_525_Mi_Ko	1	1	0
686	3_1_44d_525_Mi_Ko	2	1	0
834	3_1_49b_525_Ro_Mi	0	1	0
823	3_1_50b_525_Ro_Mi	1	1	0
656	3_1_51b_525_Ro_Mi	2	1	0
598	3_2_31a_525_Ro_Ja	0	1	0
663	3_2_32a_525_Ro_Ja	1	1	0
593	3_2_33a_525_Ro_Ja	2	1	0
922	3_3_16c_525_Mi_Ko	0	1	0
903	3_3_17c_525_Mi_Ko	1	1	0
889	3_3_18c_525_Mi_Ko	2	1	0
830	3_3_22d_525_Ja_Ko	0	1	0
901	3_3_23d_525_Ja_Ko	1	1	0
853	3_3_24d_525_Ja_Ko	2	1	0
486	3_2_25d_525_Mi_Ro	0	1	0
656	3_2_26d_525_Mi_Ro	1	1	0
551	3_2_27d_525_Mi_Ro	2	1	0
552	3_2_15b_525_Ko_Mi	0	1	0
481	3_2_13b_525_Ko_Mi	1	1	0
670	3_2_14b_525_Ko_Mi	2	1	0
932	3_3_28a_525_Ro_Mi	0	1	0
909	3_3_29a_525_Ro_Mi	1	1	0
837	3_3_30a_525_Ro_Mi	2	1	3
748	3_1_46a_525_Ko_Ja	0	1	0
651	3_1_47a_525_Ko_Ja	1	1	0
632	3_1_48a_525_Ko_Ja	2	1	0
464	3_2_7a_525_Ar_Ja	0	1	0
599	3_2_8a_525_Ar_Ja	1	1	0
614	3_2_9a_525_Ar_Ja	2	1	0
632	3_2_1d_525_Mi_Ar	0	1	0
584	3_2_2d_525_Mi_Ar	1	1	0
486	3_2_3d_525_Mi_Ar	2	1	0
538	3_2_19c_525_Ja_Ko	0	1	0
590	3_2_20c_525_Ja_Ko	1	1	0
599	3_2_21c_525_Ja_Ko	2	1	0
855	3_3_4a_525_Ar_Mi	0	1	0
956	3_3_5a_525_Ar_Mi	1	1	0
869	3_3_6a_525_Ar_Mi	2	1	0
793	3_1_40c_525_Ja_Ar	0	1	0
734	3_1_41c_525_Ja_Ar	1	1	0
651	3_1_42c_525_Ja_Ar	2	1	0
867	3_3_10b_525_Ar_Ja	0	1	0
825	3_3_11b_525_Ar_Ja	1	1	0
922	3_3_12b_525_Ar_Ja	2	1	0
667	3_1_52c_525_Ja_Ro	0	1	0
632	3_1_53c_525_Ja_Ro	1	1	0
721	3_1_54c_525_Ja_Ro	2	1	0
769	3_1_37b_525_Ar_Mi	0	1	0
725	3_1_38b_525_Ar_Mi	1	1	0
725	3_1_39b_525_Ar_Mi	2	1	3
-275	1_3_28b_425_Ro_Mi	0	2	0
-271	1_3_29b_425_Ro_Mi	1	2	0
-314	1_3_30b_425_Ro_Mi	2	2	0
-437	1_1_48b_425_Ko_Ja	0	2	0
-309	1_1_46b_425_Ko_Ja	1	2	0
-565	1_1_47b_425_Ko_Ja	2	2	0
-564	1_2_21d_425_Ja_Ko	0	2	0
-517	1_2_19d_425_Ja_Ko	1	2	0
-472	1_2_20d_425_Ja_Ko	2	2	0
-499	1_1_37c_425_Mi_Ar	0	2	0
-457	1_1_38c_425_Mi_Ar	1	2	0
-591	1_1_39c_425_Mi_Ar	2	2	0
-330	1_1_52d_425_Ja_Ro	0	2	0
-584	1_1_54d_425_Ja_Ro	1	2	0
-412	1_1_53d_425_Ja_Ro	2	2	0
-489	1_2_13c_425_Mi_Ko	0	2	0
-492	1_2_14c_425_Mi_Ko	1	2	0
-686	1_2_15c_425_Mi_Ko	2	2	0
-360	1_3_10c_425_Ja_Ar	0	2	0
-368	1_3_11c_425_Ja_Ar	1	2	0
-373	1_3_12c_425_Ja_Ar	2	2	0
-453	1_1_43a_425_Ko_Mi	0	2	0
-475	1_1_44a_425_Ko_Mi	1	2	0
-396	1_1_45a_425_Ko_Mi	2	2	0
-350	1_1_51c_425_Mi_Ro	0	2	0
-482	1_1_49c_425_Mi_Ro	1	2	0
-475	1_1_50c_425_Mi_Ro	2	2	3
-542	1_2_31b_425_Ro_Ja	0	2	0
-726	1_2_32b_425_Ro_Ja	1	2	0
-499	1_2_33b_425_Ro_Ja	2	2	0
-316	1_3_4b_425_Ar_Mi	0	2	0
-265	1_3_5b_425_Ar_Mi	1	2	0
-244	1_3_6b_425_Ar_Mi	2	2	0
-633	1_2_7b_425_Ar_Ja	0	2	0
-549	1_2_8b_425_Ar_Ja	1	2	0
-535	1_2_9b_425_Ar_Ja	2	2	0
-602	1_2_1a_425_Ar_Mi	0	2	0
-623	1_2_2a_425_Ar_Mi	1	2	0
-624	1_2_3a_425_Ar_Mi	2	2	0
-339	1_3_34c_425_Ja_Ro	0	2	0
-339	1_3_35c_425_Ja_Ro	1	2	0
-293	1_3_36c_425_Ja_Ro	2	2	0
-465	1_2_25a_425_Ro_Mi	0	2	0
-512	1_2_26a_425_Ro_Mi	1	2	0
-647	1_2_27a_425_Ro_Mi	2	2	0
-368	1_3_22a_425_Ko_Ja	0	2	0
-322	1_3_23a_425_Ko_Ja	1	2	0
-328	1_3_24a_425_Ko_Ja	2	2	0
-425	1_1_41d_425_Ja_Ar	0	2	0
-685	1_1_42d_425_Ja_Ar	1	2	0
-447	1_1_40d_425_Ja_Ar	2	2	0
-298	1_3_16d_425_Mi_Ko	0	2	0
-332	1_3_17d_425_Mi_Ko	1	2	0
-348	1_3_18d_425_Mi_Ko	2	2	3
535	3_3_4d_425_Mi_Ar	0	3	0
586	3_3_5d_425_Mi_Ar	1	3	0
607	3_3_6d_425_Mi_Ar	2	3	0
362	3_2_13a_425_Ko_Mi	0	3	0
359	3_2_14a_425_Ko_Mi	1	3	0
165	3_2_15a_425_Ko_Mi	2	3	0
491	3_3_10a_425_Ar_Ja	0	3	0
483	3_3_11a_425_Ar_Ja	1	3	0
478	3_3_12a_425_Ar_Ja	2	3	0
520	3_1_52b_425_Ro_Ja	0	3	0
266	3_1_54b_425_Ro_Ja	1	3	0
438	3_1_53b_425_Ro_Ja	2	3	0
413	3_1_48d_425_Ja_Ko	0	3	0
541	3_1_46d_425_Ja_Ko	1	3	0
285	3_1_47d_425_Ja_Ko	2	3	0
287	3_2_21b_425_Ko_Ja	0	3	0
334	3_2_19b_425_Ko_Ja	1	3	0
379	3_2_20b_425_Ko_Ja	2	3	0
397	3_1_43c_425_Mi_Ko	0	3	0
375	3_1_44c_425_Mi_Ko	1	3	0
454	3_1_45c_425_Mi_Ko	2	3	0
500	3_1_51a_425_Ro_Mi	0	3	0
368	3_1_49a_425_Ro_Mi	1	3	0
375	3_1_50a_425_Ro_Mi	2	3	0
576	3_3_28d_425_Mi_Ro	0	3	0
580	3_3_29d_425_Mi_Ro	1	3	0
537	3_3_30d_425_Mi_Ro	2	3	3
425	3_1_41b_425_Ar_Ja	0	3	0
165	3_1_42b_425_Ar_Ja	1	3	0
403	3_1_40b_425_Ar_Ja	2	3	0
386	3_2_25c_425_Mi_Ro	0	3	0
339	3_2_26c_425_Mi_Ro	1	3	0
204	3_2_27c_425_Mi_Ro	2	3	0
249	3_2_1c_425_Mi_Ar	0	3	0
228	3_2_2c_425_Mi_Ar	1	3	0
227	3_2_3c_425_Mi_Ar	2	3	0
512	3_3_34a_425_Ro_Ja	0	3	0
512	3_3_35a_425_Ro_Ja	1	3	0
558	3_3_36a_425_Ro_Ja	2	3	0
218	3_2_7d_425_Ja_Ar	0	3	0
302	3_2_8d_425_Ja_Ar	1	3	0
316	3_2_9d_425_Ja_Ar	2	3	0
483	3_3_22c_425_Ja_Ko	0	3	0
529	3_3_23c_425_Ja_Ko	1	3	0
523	3_3_24c_425_Ja_Ko	2	3	0
351	3_1_37a_425_Ar_Mi	0	3	0
393	3_1_38a_425_Ar_Mi	1	3	0
259	3_1_39a_425_Ar_Mi	2	3	0
553	3_3_16b_425_Ko_Mi	0	3	0
519	3_3_17b_425_Ko_Mi	1	3	0
503	3_3_18b_425_Ko_Mi	2	3	0
309	3_2_31d_425_Ja_Ro	0	3	0
125	3_2_32d_425_Ja_Ro	1	3	0
352	3_2_33d_425_Ja_Ro	2	3	3
-147	1_3_34d_525_Ja_Ro	0	4	0
-115	1_3_35d_525_Ja_Ro	1	4	0
-239	1_3_36d_525_Ja_Ro	2	4	0
-272	1_1_43b_525_Ko_Mi	0	4	0
-473	1_1_45b_525_Ko_Mi	1	4	0
-364	1_1_44b_525_Ko_Mi	2	4	0
-511	1_2_4c_525_Mi_Ar	0	4	0
-410	1_2_5c_525_Mi_Ar	1	4	0
-497	1_2_6c_525_Mi_Ar	2	4	0
-587	1_2_7c_525_Ja_Ar	0	4	0
-452	1_2_8c_525_Ja_Ar	1	4	0
-437	1_2_9c_525_Ja_Ar	2	4	0
-513	1_2_19a_525_Ko_Ja	0	4	0
-461	1_2_20a_525_Ko_Ja	1	4	0
-452	1_2_21a_525_Ko_Ja	2	4	0
-417	1_2_1b_525_Ar_Mi	0	4	0
-465	1_2_2b_525_Ar_Mi	1	4	0
-563	1_2_3b_525_Ar_Mi	2	4	0
-129	1_3_16a_525_Ko_Mi	0	4	0
-148	1_3_17a_525_Ko_Mi	1	4	0
-162	1_3_18a_525_Ko_Mi	2	4	0
-257	1_1_40a_525_Ar_Ja	0	4	0
-316	1_1_41a_525_Ar_Ja	1	4	0
-399	1_1_42a_525_Ar_Ja	2	4	0
-302	1_1_46c_525_Ja_Ko	0	4	0
-399	1_1_47c_525_Ja_Ko	1	4	0
-418	1_1_48c_525_Ja_Ko	2	4	3
-281	1_1_37b_525_Ar_Mi	0	4	0
-325	1_1_38b_525_Ar_Mi	1	4	0
-325	1_1_39b_525_Ar_Mi	2	4	0
-453	1_2_31c_525_Ja_Ro	0	4	0
-388	1_2_32c_525_Ja_Ro	1	4	0
-458	1_2_33c_525_Ja_Ro	2	4	0
-565	1_2_25b_525_Ro_Mi	0	4	0
-395	1_2_26b_525_Ro_Mi	1	4	0
-500	1_2_27b_525_Ro_Mi	2	4	0
-216	1_1_49d_525_Mi_Ro	0	4	0
-227	1_1_50d_525_Mi_Ro	1	4	0
-394	1_1_51d_525_Mi_Ro	2	4	0
-184	1_3_10d_525_Ja_Ar	0	4	0
-226	1_3_11d_525_Ja_Ar	1	4	0
-129	1_3_12d_525_Ja_Ar	2	4	0
-499	1_2_15d_525_Mi_Ko	0	4	0
-570	1_2_13d_525_Mi_Ko	1	4	0
-381	1_2_14d_525_Mi_Ko	2	4	0
-383	1_1_52a_525_Ro_Ja	0	4	0
-418	1_1_53a_525_Ro_Ja	1	4	0
-329	1_1_54a_525_Ro_Ja	2	4	0
-119	1_3_28c_525_Mi_Ro	0	4	0
-142	1_3_29c_525_Mi_Ro	1	4	0
-214	1_3_30c_525_Mi_Ro	2	4	0
-221	1_3_22b_525_Ko_Ja	0	4	0
-150	1_3_23b_525_Ko_Ja	1	4	0
-198	1_3_24b_525_Ko_Ja	2	4	99
-425	1_1_41b_425_Ar_Ja	0	0	0
-685	1_1_42b_425_Ar_Ja	1	0	0
-447	1_1_40b_425_Ar_Ja	2	0	0
-383	1_1_52c_525_Ja_Ro	0	0	0
-418	1_1_53c_525_Ja_Ro	1	0	0
-329	1_1_54c_525_Ja_Ro	2	0	0
309	3_2_31b_425_Ro_Ja	0	0	0
125	3_2_32b_425_Ro_Ja	1	0	0
352	3_2_33b_425_Ro_Ja	2	0	0
830	3_3_22b_525_Ko_Ja	0	0	0
901	3_3_23b_525_Ko_Ja	1	0	0
853	3_3_24b_525_Ko_Ja	2	0	1
268	3_2_19c_425_Ja_Ko	0	1	0
320	3_2_20c_425_Ja_Ko	1	1	0
329	3_2_21c_425_Ja_Ko	2	1	0
367	3_1_52c_425_Ja_Ro	0	1	0
265	3_1_53c_425_Ja_Ro	1	1	0
421	3_1_54c_425_Ja_Ro	2	1	0
537	3_3_10b_425_Ar_Ja	0	1	0
495	3_3_11b_425_Ar_Ja	1	1	0
592	3_3_12b_425_Ar_Ja	2	1	0
328	3_2_31a_425_Ro_Ja	0	1	0
379	3_2_32a_425_Ro_Ja	1	1	0
323	3_2_33a_425_Ro_Ja	2	1	0
574	3_3_34b_425_Ro_Ja	0	1	0
606	3_3_35b_425_Ro_Ja	1	1	0
482	3_3_36b_425_Ro_Ja	2	1	0
525	3_3_4a_425_Ar_Mi	0	1	0
626	3_3_5a_425_Ar_Mi	1	1	0
539	3_3_6a_425_Ar_Mi	2	1	0
445	3_1_40c_425_Ja_Ar	0	1	0
434	3_1_41c_425_Ja_Ar	1	1	0
351	3_1_42c_425_Ja_Ar	2	1	0
469	3_1_37b_425_Ar_Mi	0	1	0
425	3_1_38b_425_Ar_Mi	1	1	0
425	3_1_39b_425_Ar_Mi	2	1	0
500	3_3_22d_425_Ja_Ko	0	1	0
571	3_3_23d_425_Ja_Ko	1	1	0
523	3_3_24d_425_Ja_Ko	2	1	3
602	3_3_28a_425_Ro_Mi	0	1	0
579	3_3_29a_425_Ro_Mi	1	1	0
507	3_3_30a_425_Ro_Mi	2	1	0
194	3_2_7a_425_Ar_Ja	0	1	0
329	3_2_8a_425_Ar_Ja	1	1	0
344	3_2_9a_425_Ar_Ja	2	1	0
592	3_3_16c_425_Mi_Ko	0	1	0
573	3_3_17c_425_Mi_Ko	1	1	0
559	3_3_18c_425_Mi_Ko	2	1	0
282	3_2_15b_425_Ko_Mi	0	1	0
211	3_2_13b_425_Ko_Mi	1	1	0
400	3_2_14b_425_Ko_Mi	2	1	0
486	3_1_46a_425_Ko_Ja	0	1	0
365	3_1_47a_425_Ko_Ja	1	1	0
332	3_1_48a_425_Ko_Ja	2	1	0
478	3_1_43d_425_Mi_Ko	0	1	0
277	3_1_45d_425_Mi_Ko	1	1	0
386	3_1_44d_425_Mi_Ko	2	1	0
363	3_2_1d_425_Mi_Ar	0	1	0
315	3_2_2d_425_Mi_Ar	1	1	0
217	3_2_3d_425_Mi_Ar	2	1	0
548	3_1_49b_425_Ro_Mi	0	1	0
482	3_1_50b_425_Ro_Mi	1	1	0
356	3_1_51b_425_Ro_Mi	2	1	0
216	3_2_25d_425_Mi_Ro	0	1	0
386	3_2_26d_425_Mi_Ro	1	1	0
281	3_2_27d_425_Mi_Ro	2	1	3
-249	1_3_28c_425_Mi_Ro	0	2	0
-272	1_3_29c_425_Mi_Ro	1	2	0
-344	1_3_30c_425_Mi_Ro	2	2	0
-314	1_3_10d_425_Ja_Ar	0	2	0
-356	1_3_11d_425_Ja_Ar	1	2	0
-259	1_3_12d_425_Ja_Ar	2	2	0
-583	1_2_19a_425_Ko_Ja	0	2	0
-531	1_2_20a_425_Ko_Ja	1	2	0
-522	1_2_21a_425_Ko_Ja	2	2	0
-569	1_2_15d_425_Mi_Ko	0	2	0
-640	1_2_13d_425_Mi_Ko	1	2	0
-451	1_2_14d_425_Mi_Ko	2	2	0
-326	1_3_4c_425_Mi_Ar	0	2	0
-225	1_3_5c_425_Mi_Ar	1	2	0
-312	1_3_6c_425_Mi_Ar	2	2	0
-372	1_1_43b_425_Ko_Mi	0	2	0
-573	1_1_45b_425_Ko_Mi	1	2	0
-464	1_1_44b_425_Ko_Mi	2	2	0
-523	1_2_31c_425_Ja_Ro	0	2	0
-472	1_2_32c_425_Ja_Ro	1	2	0
-528	1_2_33c_425_Ja_Ro	2	2	0
-259	1_3_16a_425_Ko_Mi	0	2	0
-278	1_3_17a_425_Ko_Mi	1	2	0
-292	1_3_18a_425_Ko_Mi	2	2	0
-381	1_1_37d_425_Mi_Ar	0	2	0
-425	1_1_38d_425_Mi_Ar	1	2	0
-425	1_1_39d_425_Mi_Ar	2	2	3
-657	1_2_7c_425_Ja_Ar	0	2	0
-522	1_2_8c_425_Ja_Ar	1	2	0
-507	1_2_9c_425_Ja_Ar	2	2	0
-364	1_1_46c_425_Ja_Ko	0	2	0
-485	1_1_47c_425_Ja_Ko	1	2	0
-518	1_1_48c_425_Ja_Ko	2	2	0
-483	1_1_52a_425_Ro_Ja	0	2	0
-585	1_1_53a_425_Ro_Ja	1	2	0
-429	1_1_54a_425_Ro_Ja	2	2	0
-488	1_2_1b_425_Ar_Mi	0	2	0
-536	1_2_2b_425_Ar_Mi	1	2	0
-634	1_2_3b_425_Ar_Mi	2	2	0
-351	1_3_22b_425_Ko_Ja	0	2	0
-280	1_3_23b_425_Ko_Ja	1	2	0
-328	1_3_24b_425_Ko_Ja	2	2	0
-302	1_1_49d_425_Mi_Ro	0	2	0
-368	1_1_50d_425_Mi_Ro	1	2	0
-494	1_1_51d_425_Mi_Ro	2	2	0
-277	1_3_34d_425_Ja_Ro	0	2	0
-245	1_3_35d_425_Ja_Ro	1	2	0
-369	1_3_36d_425_Ja_Ro	2	2	0
-405	1_1_40a_425_Ar_Ja	0	2	0
-416	1_1_41a_425_Ar_Ja	1	2	0
-499	1_1_42a_425_Ar_Ja	2	2	0
-635	1_2_25b_425_Ro_Mi	0	2	0
-465	1_2_26b_425_Ro_Mi	1	2	0
-570	1_2_27b_425_Ro_Mi	2	2	3
800	3_1_51c_525_Mi_Ro	0	3	0
668	3_1_49c_525_Mi_Ro	1	3	0
675	3_1_50c_525_Mi_Ro	2	3	0
632	3_2_13c_525_Mi_Ko	0	3	0
629	3_2_14c_525_Mi_Ko	1	3	0
435	3_2_15c_525_Mi_Ko	2	3	0
557	3_2_21d_525_Ja_Ko	0	3	0
604	3_2_19d_525_Ja_Ko	1	3	0
649	3_2_20d_525_Ja_Ko	2	3	0
842	3_3_34c_525_Ja_Ro	0	3	0
842	3_3_35c_525_Ja_Ro	1	3	0
888	3_3_36c_525_Ja_Ro	2	3	0
488	3_2_7b_525_Ar_Ja	0	3	0
572	3_2_8b_525_Ar_Ja	1	3	0
586	3_2_9b_525_Ar_Ja	2	3	0
821	3_3_10c_525_Ja_Ar	0	3	0
813	3_3_11c_525_Ja_Ar	1	3	0
808	3_3_12c_525_Ja_Ar	2	3	0
697	3_1_43a_525_Ko_Mi	0	3	0
703	3_1_44a_525_Ko_Mi	1	3	0
754	3_1_45a_525_Ko_Mi	2	3	0
656	3_2_25a_525_Ro_Mi	0	3	0
609	3_2_26a_525_Ro_Mi	1	3	0
474	3_2_27a_525_Ro_Mi	2	3	0
883	3_3_16d_525_Mi_Ko	0	3	0
849	3_3_17d_525_Mi_Ko	1	3	0
833	3_3_18d_525_Mi_Ko	2	3	3
725	3_1_41d_525_Ja_Ar	0	3	0
465	3_1_42d_525_Ja_Ar	1	3	0
703	3_1_40d_525_Ja_Ar	2	3	0
726	3_1_48b_525_Ko_Ja	0	3	0
841	3_1_46b_525_Ko_Ja	1	3	0
585	3_1_47b_525_Ko_Ja	2	3	0
579	3_2_31b_525_Ro_Ja	0	3	0
522	3_2_32b_525_Ro_Ja	1	3	0
622	3_2_33b_525_Ro_Ja	2	3	0
813	3_3_22a_525_Ko_Ja	0	3	0
859	3_3_23a_525_Ko_Ja	1	3	0
853	3_3_24a_525_Ko_Ja	2	3	0
651	3_1_37c_525_Mi_Ar	0	3	0
693	3_1_38c_525_Mi_Ar	1	3	0
559	3_1_39c_525_Mi_Ar	2	3	0
866	3_3_4b_525_Ar_Mi	0	3	0
916	3_3_5b_525_Ar_Mi	1	3	0
937	3_3_6b_525_Ar_Mi	2	3	0
906	3_3_28b_525_Ro_Mi	0	3	0
910	3_3_29b_525_Ro_Mi	1	3	0
867	3_3_30b_525_Ro_Mi	2	3	0
820	3_1_52d_525_Ja_Ro	0	3	0
566	3_1_54d_525_Ja_Ro	1	3	0
738	3_1_53d_525_Ja_Ro	2	3	0
518	3_2_1a_525_Ar_Mi	0	3	0
497	3_2_2a_525_Ar_Mi	1	3	0
496	3_2_3a_525_Ar_Mi	2	3	3
-563	1_2_7d_525_Ja_Ar	0	4	0
-479	1_2_8d_525_Ja_Ar	1	4	0
-465	1_2_9d_525_Ja_Ar	2	4	0
-399	1_1_37c_525_Mi_Ar	0	4	0
-357	1_1_38c_525_Mi_Ar	1	4	0
-491	1_1_39c_525_Mi_Ar	2	4	0
-168	1_3_16b_525_Ko_Mi	0	4	0
-202	1_3_17b_525_Ko_Mi	1	4	0
-218	1_3_18b_525_Ko_Mi	2	4	0
-395	1_2_25c_525_Mi_Ro	0	4	0
-442	1_2_26c_525_Mi_Ro	1	4	0
-577	1_2_27c_525_Mi_Ro	2	4	0
-209	1_3_34a_525_Ro_Ja	0	4	0
-209	1_3_35a_525_Ro_Ja	1	4	0
-163	1_3_36a_525_Ro_Ja	2	4	0
-353	1_1_43c_525_Mi_Ko	0	4	0
-347	1_1_44c_525_Mi_Ko	1	4	0
-296	1_1_45c_525_Mi_Ko	2	4	0
-230	1_1_52b_525_Ro_Ja	0	4	0
-484	1_1_54b_525_Ro_Ja	1	4	0
-312	1_1_53b_525_Ro_Ja	2	4	0
-250	1_1_51a_525_Ro_Mi	0	4	0
-382	1_1_49a_525_Ro_Mi	1	4	0
-375	1_1_50a_525_Ro_Mi	2	4	0
-238	1_3_22c_525_Ja_Ko	0	4	0
-192	1_3_23c_525_Ja_Ko	1	4	0
-198	1_3_24c_525_Ja_Ko	2	4	3
-531	1_2_1c_525_Mi_Ar	0	4	0
-552	1_2_2c_525_Mi_Ar	1	4	0
-553	1_2_3c_525_Mi_Ar	2	4	0
-419	1_2_13a_525_Ko_Mi	0	4	0
-422	1_2_14a_525_Ko_Mi	1	4	0
-616	1_2_15a_525_Ko_Mi	2	4	0
-500	1_2_4d_525_Mi_Ar	0	4	0
-450	1_2_5d_525_Mi_Ar	1	4	0
-429	1_2_6d_525_Mi_Ar	2	4	0
-472	1_2_31d_525_Ja_Ro	0	4	0
-529	1_2_32d_525_Ja_Ro	1	4	0
-429	1_2_33d_525_Ja_Ro	2	4	0
-325	1_1_41b_525_Ar_Ja	0	4	0
-585	1_1_42b_525_Ar_Ja	1	4	0
-347	1_1_40b_525_Ar_Ja	2	4	0
-324	1_1_48d_525_Ja_Ko	0	4	0
-209	1_1_46d_525_Ja_Ko	1	4	0
-465	1_1_47d_525_Ja_Ko	2	4	0
-145	1_3_28d_525_Mi_Ro	0	4	0
-141	1_3_29d_525_Mi_Ro	1	4	0
-184	1_3_30d_525_Mi_Ro	2	4	0
-230	1_3_10a_525_Ar_Ja	0	4	0
-238	1_3_11a_525_Ar_Ja	1	4	0
-243	1_3_12a_525_Ar_Ja	2	4	0
-494	1_2_21b_525_Ko_Ja	0	4	0
-447	1_2_19b_525_Ko_Ja	1	4	0
-402	1_2_20b_525_Ko_Ja	2	4	99
-523	1_2_31a_425_Ro_Ja	0	0	0
-472	1_2_32a_425_Ro_Ja	1	0	0
-528	1_2_33a_425_Ro_Ja	2	0	0
-209	1_3_34c_525_Ja_Ro	0	0	0
-209	1_3_35c_525_Ja_Ro	1	0	0
-163	1_3_36c_525_Ja_Ro	2	0	0
821	3_3_10a_525_Ar_Ja	0	0	0
813	3_3_11a_525_Ar_Ja	1	0	0
808	3_3_12a_525_Ar_Ja	2	0	0
194	3_2_7c_425_Ja_Ar	0	0	0
329	3_2_8c_425_Ja_Ar	1	0	0
344	3_2_9c_425_Ja_Ar	2	0	1
-425	1_1_41b_425_Ar_Ja	0	1	0
-685	1_1_42b_425_Ar_Ja	1	1	0
-447	1_1_40b_425_Ar_Ja	2	1	0
-330	1_1_52b_425_Ro_Ja	0	1	0
-584	1_1_54b_425_Ro_Ja	1	1	0
-412	1_1_53b_425_Ro_Ja	2	1	0
-453	1_1_43c_425_Mi_Ko	0	1	0
-475	1_1_44c_425_Mi_Ko	1	1	0
-396	1_1_45c_425_Mi_Ko	2	1	0
-316	1_3_4d_425_Mi_Ar	0	1	0
-265	1_3_5d_425_Mi_Ar	1	1	0
-244	1_3_6d_425_Mi_Ar	2	1	0
-437	1_1_48d_425_Ja_Ko	0	1	0
-309	1_1_46d_425_Ja_Ko	1	1	0
-565	1_1_47d_425_Ja_Ko	2	1	0
-465	1_2_25c_425_Mi_Ro	0	1	0
-512	1_2_26c_425_Mi_Ro	1	1	0
-647	1_2_27c_425_Mi_Ro	2	1	0
-602	1_2_1c_425_Mi_Ar	0	1	0
-623	1_2_2c_425_Mi_Ar	1	1	0
-624	1_2_3c_425_Mi_Ar	2	1	0
-339	1_3_34a_425_Ro_Ja	0	1	0
-339	1_3_35a_425_Ro_Ja	1	1	0
-293	1_3_36a_425_Ro_Ja	2	1	0
-350	1_1_51a_425_Ro_Mi	0	1	0
-482	1_1_49a_425_Ro_Mi	1	1	0
-475	1_1_50a_425_Ro_Mi	2	1	3
-368	1_3_22c_425_Ja_Ko	0	1	0
-322	1_3_23c_425_Ja_Ko	1	1	0
-328	1_3_24c_425_Ja_Ko	2	1	0
-360	1_3_10a_425_Ar_Ja	0	1	0
-368	1_3_11a_425_Ar_Ja	1	1	0
-373	1_3_12a_425_Ar_Ja	2	1	0
-564	1_2_21b_425_Ko_Ja	0	1	0
-517	1_2_19b_425_Ko_Ja	1	1	0
-472	1_2_20b_425_Ko_Ja	2	1	0
-499	1_1_37a_425_Ar_Mi	0	1	0
-457	1_1_38a_425_Ar_Mi	1	1	0
-591	1_1_39a_425_Ar_Mi	2	1	0
-275	1_3_28d_425_Mi_Ro	0	1	0
-271	1_3_29d_425_Mi_Ro	1	1	0
-314	1_3_30d_425_Mi_Ro	2	1	0
-542	1_2_31d_425_Ja_Ro	0	1	0
-726	1_2_32d_425_Ja_Ro	1	1	0
-499	1_2_33d_425_Ja_Ro	2	1	0
-489	1_2_13a_425_Ko_Mi	0	1	0
-492	1_2_14a_425_Ko_Mi	1	1	0
-686	1_2_15a_425_Ko_Mi	2	1	0
-298	1_3_16b_425_Ko_Mi	0	1	0
-332	1_3_17b_425_Ko_Mi	1	1	0
-348	1_3_18b_425_Ko_Mi	2	1	0
-633	1_2_7d_425_Ja_Ar	0	1	0
-549	1_2_8d_425_Ja_Ar	1	1	0
-535	1_2_9d_425_Ja_Ar	2	1	3
-383	1_1_52c_525_Ja_Ro	0	2	0
-418	1_1_53c_525_Ja_Ro	1	2	0
-329	1_1_54c_525_Ja_Ro	2	2	0
-147	1_3_34b_525_Ro_Ja	0	2	0
-115	1_3_35b_525_Ro_Ja	1	2	0
-239	1_3_36b_525_Ro_Ja	2	2	0
-119	1_3_28a_525_Ro_Mi	0	2	0
-142	1_3_29a_525_Ro_Mi	1	2	0
-214	1_3_30a_525_Ro_Mi	2	2	0
-587	1_2_7a_525_Ar_Ja	0	2	0
-452	1_2_8a_525_Ar_Ja	1	2	0
-437	1_2_9a_525_Ar_Ja	2	2	0
-499	1_2_15b_525_Ko_Mi	0	2	0
-570	1_2_13b_525_Ko_Mi	1	2	0
-381	1_2_14b_525_Ko_Mi	2	2	0
-129	1_3_16c_525_Mi_Ko	0	2	0
-148	1_3_17c_525_Mi_Ko	1	2	0
-162	1_3_18c_525_Mi_Ko	2	2	0
-221	1_3_22d_525_Ja_Ko	0	2	0
-150	1_3_23d_525_Ja_Ko	1	2	0
-198	1_3_24d_525_Ja_Ko	2	2	0
-216	1_1_49b_525_Ro_Mi	0	2	0
-227	1_1_50b_525_Ro_Mi	1	2	0
-394	1_1_51b_525_Ro_Mi	2	2	0
-511	1_2_4a_525_Ar_Mi	0	2	0
-410	1_2_5a_525_Ar_Mi	1	2	0
-497	1_2_6a_525_Ar_Mi	2	2	3
-417	1_2_1d_525_Mi_Ar	0	2	0
-465	1_2_2d_525_Mi_Ar	1	2	0
-563	1_2_3d_525_Mi_Ar	2	2	0
-272	1_1_43d_525_Mi_Ko	0	2	0
-473	1_1_45d_525_Mi_Ko	1	2	0
-364	1_1_44d_525_Mi_Ko	2	2	0
-453	1_2_31a_525_Ro_Ja	0	2	0
-388	1_2_32a_525_Ro_Ja	1	2	0
-458	1_2_33a_525_Ro_Ja	2	2	0
-302	1_1_46a_525_Ko_Ja	0	2	0
-399	1_1_47a_525_Ko_Ja	1	2	0
-418	1_1_48a_525_Ko_Ja	2	2	0
-184	1_3_10b_525_Ar_Ja	0	2	0
-226	1_3_11b_525_Ar_Ja	1	2	0
-129	1_3_12b_525_Ar_Ja	2	2	0
-257	1_1_40c_525_Ja_Ar	0	2	0
-316	1_1_41c_525_Ja_Ar	1	2	0
-399	1_1_42c_525_Ja_Ar	2	2	0
-565	1_2_25d_525_Mi_Ro	0	2	0
-395	1_2_26d_525_Mi_Ro	1	2	0
-500	1_2_27d_525_Mi_Ro	2	2	0
-281	1_1_37d_525_Mi_Ar	0	2	0
-325	1_1_38d_525_Mi_Ar	1	2	0
-325	1_1_39d_525_Mi_Ar	2	2	0
-513	1_2_19c_525_Ja_Ko	0	2	0
-461	1_2_20c_525_Ja_Ko	1	2	0
-452	1_2_21c_525_Ja_Ko	2	2	3
309	3_2_31b_425_Ro_Ja	0	3	0
125	3_2_32b_425_Ro_Ja	1	3	0
352	3_2_33b_425_Ro_Ja	2	3	0
287	3_2_21d_425_Ja_Ko	0	3	0
334	3_2_19d_425_Ja_Ko	1	3	0
379	3_2_20d_425_Ja_Ko	2	3	0
413	3_1_48b_425_Ko_Ja	0	3	0
541	3_1_46b_425_Ko_Ja	1	3	0
285	3_1_47b_425_Ko_Ja	2	3	0
483	3_3_22a_425_Ko_Ja	0	3	0
529	3_3_23a_425_Ko_Ja	1	3	0
523	3_3_24a_425_Ko_Ja	2	3	0
512	3_3_34c_425_Ja_Ro	0	3	0
512	3_3_35c_425_Ja_Ro	1	3	0
558	3_3_36c_425_Ja_Ro	2	3	0
520	3_1_52d_425_Ja_Ro	0	3	0
266	3_1_54d_425_Ja_Ro	1	3	0
438	3_1_53d_425_Ja_Ro	2	3	0
386	3_2_25a_425_Ro_Mi	0	3	0
339	3_2_26a_425_Ro_Mi	1	3	0
204	3_2_27a_425_Ro_Mi	2	3	0
362	3_2_13c_425_Mi_Ko	0	3	0
359	3_2_14c_425_Mi_Ko	1	3	0
165	3_2_15c_425_Mi_Ko	2	3	0
425	3_1_41d_425_Ja_Ar	0	3	0
165	3_1_42d_425_Ja_Ar	1	3	0
403	3_1_40d_425_Ja_Ar	2	3	3
491	3_3_10c_425_Ja_Ar	0	3	0
483	3_3_11c_425_Ja_Ar	1	3	0
478	3_3_12c_425_Ja_Ar	2	3	0
553	3_3_16d_425_Mi_Ko	0	3	0
519	3_3_17d_425_Mi_Ko	1	3	0
503	3_3_18d_425_Mi_Ko	2	3	0
500	3_1_51c_425_Mi_Ro	0	3	0
368	3_1_49c_425_Mi_Ro	1	3	0
375	3_1_50c_425_Mi_Ro	2	3	0
535	3_3_4b_425_Ar_Mi	0	3	0
586	3_3_5b_425_Ar_Mi	1	3	0
607	3_3_6b_425_Ar_Mi	2	3	0
218	3_2_7b_425_Ar_Ja	0	3	0
302	3_2_8b_425_Ar_Ja	1	3	0
316	3_2_9b_425_Ar_Ja	2	3	0
249	3_2_1a_425_Ar_Mi	0	3	0
228	3_2_2a_425_Ar_Mi	1	3	0
227	3_2_3a_425_Ar_Mi	2	3	0
397	3_1_43a_425_Ko_Mi	0	3	0
375	3_1_44a_425_Ko_Mi	1	3	0
454	3_1_45a_425_Ko_Mi	2	3	0
351	3_1_37c_425_Mi_Ar	0	3	0
393	3_1_38c_425_Mi_Ar	1	3	0
259	3_1_39c_425_Mi_Ar	2	3	0
576	3_3_28b_425_Ro_Mi	0	3	0
580	3_3_29b_425_Ro_Mi	1	3	0
537	3_3_30b_425_Ro_Mi	2	3	3
830	3_3_22b_525_Ko_Ja	0	4	0
901	3_3_23b_525_Ko_Ja	1	4	0
853	3_3_24b_525_Ko_Ja	2	4	0
922	3_3_16a_525_Ko_Mi	0	4	0
903	3_3_17a_525_Ko_Mi	1	4	0
889	3_3_18a_525_Ko_Mi	2	4	0
486	3_2_25b_525_Ro_Mi	0	4	0
656	3_2_26b_525_Ro_Mi	1	4	0
551	3_2_27b_525_Ro_Mi	2	4	0
793	3_1_40a_525_Ar_Ja	0	4	0
734	3_1_41a_525_Ar_Ja	1	4	0
651	3_1_42a_525_Ar_Ja	2	4	0
598	3_2_31c_525_Ja_Ro	0	4	0
663	3_2_32c_525_Ja_Ro	1	4	0
593	3_2_33c_525_Ja_Ro	2	4	0
769	3_1_37d_525_Mi_Ar	0	4	0
725	3_1_38d_525_Mi_Ar	1	4	0
725	3_1_39d_525_Mi_Ar	2	4	0
538	3_2_19a_525_Ko_Ja	0	4	0
590	3_2_20a_525_Ko_Ja	1	4	0
599	3_2_21a_525_Ko_Ja	2	4	0
867	3_3_10d_525_Ja_Ar	0	4	0
825	3_3_11d_525_Ja_Ar	1	4	0
922	3_3_12d_525_Ja_Ar	2	4	0
855	3_3_4c_525_Mi_Ar	0	4	0
956	3_3_5c_525_Mi_Ar	1	4	0
869	3_3_6c_525_Mi_Ar	2	4	3
748	3_1_46c_525_Ja_Ko	0	4	0
651	3_1_47c_525_Ja_Ko	1	4	0
632	3_1_48c_525_Ja_Ko	2	4	0
778	3_1_43b_525_Ko_Mi	0	4	0
577	3_1_45b_525_Ko_Mi	1	4	0
686	3_1_44b_525_Ko_Mi	2	4	0
834	3_1_49d_525_Mi_Ro	0	4	0
823	3_1_50d_525_Mi_Ro	1	4	0
656	3_1_51d_525_Mi_Ro	2	4	0
464	3_2_7c_525_Ja_Ar	0	4	0
599	3_2_8c_525_Ja_Ar	1	4	0
614	3_2_9c_525_Ja_Ar	2	4	0
632	3_2_1b_525_Ar_Mi	0	4	0
584	3_2_2b_525_Ar_Mi	1	4	0
486	3_2_3b_525_Ar_Mi	2	4	0
932	3_3_28c_525_Mi_Ro	0	4	0
909	3_3_29c_525_Mi_Ro	1	4	0
837	3_3_30c_525_Mi_Ro	2	4	0
667	3_1_52a_525_Ro_Ja	0	4	0
632	3_1_53a_525_Ro_Ja	1	4	0
721	3_1_54a_525_Ro_Ja	2	4	0
552	3_2_15d_525_Mi_Ko	0	4	0
481	3_2_13d_525_Mi_Ko	1	4	0
670	3_2_14d_525_Mi_Ko	2	4	0
904	3_3_34d_525_Ja_Ro	0	4	0
936	3_3_35d_525_Ja_Ro	1	4	0
812	3_3_36d_525_Ja_Ro	2	4	99
-184	1_3_15d_525_Mi_Ko	0	0	0
-255	1_3_13d_525_Mi_Ko	1	0	0
-66	1_3_14d_525_Mi_Ko	2	0	0
677	3_2_49b_525_Ro_Mi	0	0	0
666	3_2_50b_525_Ro_Mi	1	0	0
499	3_2_51b_525_Ro_Mi	2	0	0
-443	1_1_4b_425_Ar_Mi	0	0	0
-392	1_1_5b_425_Ar_Mi	1	0	0
-371	1_1_6b_425_Ar_Mi	2	0	0
407	3_1_4d_425_Mi_Ar	0	0	0
458	3_1_5d_425_Mi_Ar	1	0	0
479	3_1_6d_425_Mi_Ar	2	0	1
-523	1_2_31a_425_Ro_Ja	0	1	0
-472	1_2_32a_425_Ro_Ja	1	1	0
-528	1_2_33a_425_Ro_Ja	2	1	0
-277	1_3_34b_425_Ro_Ja	0	1	0
-245	1_3_35b_425_Ro_Ja	1	1	0
-369	1_3_36b_425_Ro_Ja	2	1	0
-583	1_2_19c_425_Ja_Ko	0	1	0
-531	1_2_20c_425_Ja_Ko	1	1	0
-522	1_2_21c_425_Ja_Ko	2	1	0
-488	1_2_1d_425_Mi_Ar	0	1	0
-536	1_2_2d_425_Mi_Ar	1	1	0
-634	1_2_3d_425_Mi_Ar	2	1	0
-302	1_1_49b_425_Ro_Mi	0	1	0
-368	1_1_50b_425_Ro_Mi	1	1	0
-494	1_1_51b_425_Ro_Mi	2	1	0
-405	1_1_40c_425_Ja_Ar	0	1	0
-416	1_1_41c_425_Ja_Ar	1	1	0
-499	1_1_42c_425_Ja_Ar	2	1	0
-657	1_2_7a_425_Ar_Ja	0	1	0
-522	1_2_8a_425_Ar_Ja	1	1	0
-507	1_2_9a_425_Ar_Ja	2	1	0
-351	1_3_22d_425_Ja_Ko	0	1	0
-280	1_3_23d_425_Ja_Ko	1	1	0
-328	1_3_24d_425_Ja_Ko	2	1	0
-314	1_3_10b_425_Ar_Ja	0	1	0
-356	1_3_11b_425_Ar_Ja	1	1	0
-259	1_3_12b_425_Ar_Ja	2	1	3
-372	1_1_43d_425_Mi_Ko	0	1	0
-573	1_1_45d_425_Mi_Ko	1	1	0
-464	1_1_44d_425_Mi_Ko	2	1	0
-569	1_2_15b_425_Ko_Mi	0	1	0
-640	1_2_13b_425_Ko_Mi	1	1	0
-451	1_2_14b_425_Ko_Mi	2	1	0
-249	1_3_28a_425_Ro_Mi	0	1	0
-272	1_3_29a_425_Ro_Mi	1	1	0
-344	1_3_30a_425_Ro_Mi	2	1	0
-381	1_1_37b_425_Ar_Mi	0	1	0
-425	1_1_38b_425_Ar_Mi	1	1	0
-425	1_1_39b_425_Ar_Mi	2	1	0
-326	1_3_4a_425_Ar_Mi	0	1	0
-225	1_3_5a_425_Ar_Mi	1	1	0
-312	1_3_6a_425_Ar_Mi	2	1	0
-259	1_3_16c_425_Mi_Ko	0	1	0
-278	1_3_17c_425_Mi_Ko	1	1	0
-292	1_3_18c_425_Mi_Ko	2	1	0
-364	1_1_46a_425_Ko_Ja	0	1	0
-485	1_1_47a_425_Ko_Ja	1	1	0
-518	1_1_48a_425_Ko_Ja	2	1	0
-483	1_1_52c_425_Ja_Ro	0	1	0
-585	1_1_53c_425_Ja_Ro	1	1	0
-429	1_1_54c_425_Ja_Ro	2	1	0
-635	1_2_25d_425_Mi_Ro	0	1	0
-465	1_2_26d_425_Mi_Ro	1	1	0
-570	1_2_27d_425_Mi_Ro	2	1	3
-209	1_3_34c_525_Ja_Ro	0	2	0
-209	1_3_35c_525_Ja_Ro	1	2	0
-163	1_3_36c_525_Ja_Ro	2	2	0
-494	1_2_21d_525_Ja_Ko	0	2	0
-447	1_2_19d_525_Ja_Ko	1	2	0
-402	1_2_20d_525_Ja_Ko	2	2	0
-353	1_1_43a_525_Ko_Mi	0	2	0
-347	1_1_44a_525_Ko_Mi	1	2	0
-296	1_1_45a_525_Ko_Mi	2	2	0
-399	1_1_37a_525_Ar_Mi	0	2	0
-357	1_1_38a_525_Ar_Mi	1	2	0
-491	1_1_39a_525_Ar_Mi	2	2	0
-250	1_1_51c_525_Mi_Ro	0	2	0
-382	1_1_49c_525_Mi_Ro	1	2	0
-375	1_1_50c_525_Mi_Ro	2	2	0
-325	1_1_41d_525_Ja_Ar	0	2	0
-585	1_1_42d_525_Ja_Ar	1	2	0
-347	1_1_40d_525_Ja_Ar	2	2	0
-324	1_1_48b_525_Ko_Ja	0	2	0
-209	1_1_46b_525_Ko_Ja	1	2	0
-465	1_1_47b_525_Ko_Ja	2	2	0
-531	1_2_1a_525_Ar_Mi	0	2	0
-552	1_2_2a_525_Ar_Mi	1	2	0
-553	1_2_3a_525_Ar_Mi	2	2	0
-168	1_3_16d_525_Mi_Ko	0	2	0
-202	1_3_17d_525_Mi_Ko	1	2	0
-218	1_3_18d_525_Mi_Ko	2	2	3
-563	1_2_7b_525_Ar_Ja	0	2	0
-479	1_2_8b_525_Ar_Ja	1	2	0
-465	1_2_9b_525_Ar_Ja	2	2	0
-500	1_2_4b_525_Ar_Mi	0	2	0
-450	1_2_5b_525_Ar_Mi	1	2	0
-429	1_2_6b_525_Ar_Mi	2	2	0
-230	1_3_10c_525_Ja_Ar	0	2	0
-238	1_3_11c_525_Ja_Ar	1	2	0
-243	1_3_12c_525_Ja_Ar	2	2	0
-472	1_2_31b_525_Ro_Ja	0	2	0
-529	1_2_32b_525_Ro_Ja	1	2	0
-429	1_2_33b_525_Ro_Ja	2	2	0
-145	1_3_28b_525_Ro_Mi	0	2	0
-141	1_3_29b_525_Ro_Mi	1	2	0
-184	1_3_30b_525_Ro_Mi	2	2	0
-238	1_3_22a_525_Ko_Ja	0	2	0
-192	1_3_23a_525_Ko_Ja	1	2	0
-198	1_3_24a_525_Ko_Ja	2	2	0
-419	1_2_13c_525_Mi_Ko	0	2	0
-422	1_2_14c_525_Mi_Ko	1	2	0
-616	1_2_15c_525_Mi_Ko	2	2	0
-395	1_2_25a_525_Ro_Mi	0	2	0
-442	1_2_26a_525_Ro_Mi	1	2	0
-577	1_2_27a_525_Ro_Mi	2	2	0
-230	1_1_52d_525_Ja_Ro	0	2	0
-484	1_1_54d_525_Ja_Ro	1	2	0
-312	1_1_53d_525_Ja_Ro	2	2	3
821	3_3_10a_525_Ar_Ja	0	3	0
813	3_3_11a_525_Ar_Ja	1	3	0
808	3_3_12a_525_Ar_Ja	2	3	0
557	3_2_21b_525_Ko_Ja	0	3	0
604	3_2_19b_525_Ko_Ja	1	3	0
649	3_2_20b_525_Ko_Ja	2	3	0
842	3_3_34a_525_Ro_Ja	0	3	0
842	3_3_35a_525_Ro_Ja	1	3	0
888	3_3_36a_525_Ro_Ja	2	3	0
632	3_2_13a_525_Ko_Mi	0	3	0
629	3_2_14a_525_Ko_Mi	1	3	0
435	3_2_15a_525_Ko_Mi	2	3	0
697	3_1_43c_525_Mi_Ko	0	3	0
703	3_1_44c_525_Mi_Ko	1	3	0
754	3_1_45c_525_Mi_Ko	2	3	0
518	3_2_1c_525_Mi_Ar	0	3	0
497	3_2_2c_525_Mi_Ar	1	3	0
496	3_2_3c_525_Mi_Ar	2	3	0
651	3_1_37a_525_Ar_Mi	0	3	0
693	3_1_38a_525_Ar_Mi	1	3	0
559	3_1_39a_525_Ar_Mi	2	3	0
725	3_1_41b_525_Ar_Ja	0	3	0
465	3_1_42b_525_Ar_Ja	1	3	0
703	3_1_40b_525_Ar_Ja	2	3	0
906	3_3_28d_525_Mi_Ro	0	3	0
910	3_3_29d_525_Mi_Ro	1	3	0
867	3_3_30d_525_Mi_Ro	2	3	3
883	3_3_16b_525_Ko_Mi	0	3	0
849	3_3_17b_525_Ko_Mi	1	3	0
833	3_3_18b_525_Ko_Mi	2	3	0
656	3_2_25c_525_Mi_Ro	0	3	0
609	3_2_26c_525_Mi_Ro	1	3	0
474	3_2_27c_525_Mi_Ro	2	3	0
820	3_1_52b_525_Ro_Ja	0	3	0
566	3_1_54b_525_Ro_Ja	1	3	0
738	3_1_53b_525_Ro_Ja	2	3	0
813	3_3_22c_525_Ja_Ko	0	3	0
859	3_3_23c_525_Ja_Ko	1	3	0
853	3_3_24c_525_Ja_Ko	2	3	0
579	3_2_31d_525_Ja_Ro	0	3	0
522	3_2_32d_525_Ja_Ro	1	3	0
622	3_2_33d_525_Ja_Ro	2	3	0
726	3_1_48d_525_Ja_Ko	0	3	0
841	3_1_46d_525_Ja_Ko	1	3	0
585	3_1_47d_525_Ja_Ko	2	3	0
866	3_3_4d_525_Mi_Ar	0	3	0
916	3_3_5d_525_Mi_Ar	1	3	0
937	3_3_6d_525_Mi_Ar	2	3	0
488	3_2_7d_525_Ja_Ar	0	3	0
572	3_2_8d_525_Ja_Ar	1	3	0
586	3_2_9d_525_Ja_Ar	2	3	0
800	3_1_51a_525_Ro_Mi	0	3	0
668	3_1_49a_525_Ro_Mi	1	3	0
675	3_1_50a_525_Ro_Mi	2	3	3
194	3_2_7c_425_Ja_Ar	0	4	0
329	3_2_8c_425_Ja_Ar	1	4	0
344	3_2_9c_425_Ja_Ar	2	4	0
548	3_1_49d_425_Mi_Ro	0	4	0
482	3_1_50d_425_Mi_Ro	1	4	0
356	3_1_51d_425_Mi_Ro	2	4	0
445	3_1_40a_425_Ar_Ja	0	4	0
434	3_1_41a_425_Ar_Ja	1	4	0
351	3_1_42a_425_Ar_Ja	2	4	0
500	3_3_22b_425_Ko_Ja	0	4	0
571	3_3_23b_425_Ko_Ja	1	4	0
523	3_3_24b_425_Ko_Ja	2	4	0
602	3_3_28c_425_Mi_Ro	0	4	0
579	3_3_29c_425_Mi_Ro	1	4	0
507	3_3_30c_425_Mi_Ro	2	4	0
216	3_2_25b_425_Ro_Mi	0	4	0
386	3_2_26b_425_Ro_Mi	1	4	0
281	3_2_27b_425_Ro_Mi	2	4	0
537	3_3_10d_425_Ja_Ar	0	4	0
495	3_3_11d_425_Ja_Ar	1	4	0
592	3_3_12d_425_Ja_Ar	2	4	0
525	3_3_4c_425_Mi_Ar	0	4	0
626	3_3_5c_425_Mi_Ar	1	4	0
539	3_3_6c_425_Mi_Ar	2	4	0
282	3_2_15d_425_Mi_Ko	0	4	0
211	3_2_13d_425_Mi_Ko	1	4	0
400	3_2_14d_425_Mi_Ko	2	4	3
574	3_3_34d_425_Ja_Ro	0	4	0
606	3_3_35d_425_Ja_Ro	1	4	0
482	3_3_36d_425_Ja_Ro	2	4	0
367	3_1_52a_425_Ro_Ja	0	4	0
265	3_1_53a_425_Ro_Ja	1	4	0
421	3_1_54a_425_Ro_Ja	2	4	0
268	3_2_19a_425_Ko_Ja	0	4	0
320	3_2_20a_425_Ko_Ja	1	4	0
329	3_2_21a_425_Ko_Ja	2	4	0
486	3_1_46c_425_Ja_Ko	0	4	0
365	3_1_47c_425_Ja_Ko	1	4	0
332	3_1_48c_425_Ja_Ko	2	4	0
478	3_1_43b_425_Ko_Mi	0	4	0
277	3_1_45b_425_Ko_Mi	1	4	0
386	3_1_44b_425_Ko_Mi	2	4	0
328	3_2_31c_425_Ja_Ro	0	4	0
379	3_2_32c_425_Ja_Ro	1	4	0
323	3_2_33c_425_Ja_Ro	2	4	0
592	3_3_16a_425_Ko_Mi	0	4	0
573	3_3_17a_425_Ko_Mi	1	4	0
559	3_3_18a_425_Ko_Mi	2	4	0
363	3_2_1b_425_Ar_Mi	0	4	0
315	3_2_2b_425_Ar_Mi	1	4	0
217	3_2_3b_425_Ar_Mi	2	4	0
469	3_1_37d_425_Mi_Ar	0	4	0
425	3_1_38d_425_Mi_Ar	1	4	0
425	3_1_39d_425_Mi_Ar	2	4	99
-453	1_1_4c_425_Mi_Ar	0	0	0
-352	1_1_5c_425_Mi_Ar	1	0	0
-439	1_1_6c_425_Mi_Ar	2	0	0
655	3_1_22a_525_Ko_Ja	0	0	0
701	3_1_23a_525_Ko_Ja	1	0	0
695	3_1_24a_525_Ko_Ja	2	0	0
-104	1_3_13a_525_Ko_Mi	0	0	0
-107	1_3_14a_525_Ko_Mi	1	0	0
-301	1_3_15a_525_Ko_Mi	2	0	0
449	3_3_7a_425_Ar_Ja	0	0	0
584	3_3_8a_425_Ar_Ja	1	0	0
599	3_3_9a_425_Ar_Ja	2	0	1
-184	1_3_15d_525_Mi_Ko	0	1	0
-255	1_3_13d_525_Mi_Ko	1	1	0
-66	1_3_14d_525_Mi_Ko	2	1	0
-374	1_2_49d_525_Mi_Ro	0	1	0
-385	1_2_50d_525_Mi_Ro	1	1	0
-552	1_2_51d_525_Mi_Ro	2	1	0
-353	1_1_4c_525_Mi_Ar	0	1	0
-252	1_1_5c_525_Mi_Ar	1	1	0
-339	1_1_6c_525_Mi_Ar	2	1	0
-138	1_3_31c_525_Ja_Ro	0	1	0
-73	1_3_32c_525_Ja_Ro	1	1	0
-143	1_3_33c_525_Ja_Ro	2	1	0
-341	1_1_10d_525_Ja_Ar	0	1	0
-383	1_1_11d_525_Ja_Ar	1	1	0
-286	1_1_12d_525_Ja_Ar	2	1	0
-198	1_3_19a_525_Ko_Ja	0	1	0
-146	1_3_20a_525_Ko_Ja	1	1	0
-137	1_3_21a_525_Ko_Ja	2	1	0
-439	1_2_37b_525_Ar_Mi	0	1	0
-483	1_2_38b_525_Ar_Mi	1	1	0
-483	1_2_39b_525_Ar_Mi	2	1	0
-304	1_1_34d_525_Ja_Ro	0	1	0
-272	1_1_35d_525_Ja_Ro	1	1	0
-396	1_1_36d_525_Ja_Ro	2	1	0
-541	1_2_52a_525_Ro_Ja	0	1	0
-576	1_2_53a_525_Ro_Ja	1	1	0
-487	1_2_54a_525_Ro_Ja	2	1	3
-272	1_3_7c_525_Ja_Ar	0	1	0
-137	1_3_8c_525_Ja_Ar	1	1	0
-122	1_3_9c_525_Ja_Ar	2	1	0
-460	1_2_46c_525_Ja_Ko	0	1	0
-557	1_2_47c_525_Ja_Ko	1	1	0
-576	1_2_48c_525_Ja_Ko	2	1	0
-250	1_3_25b_525_Ro_Mi	0	1	0
-80	1_3_26b_525_Ro_Mi	1	1	0
-185	1_3_27b_525_Ro_Mi	2	1	0
-286	1_1_16a_525_Ko_Mi	0	1	0
-305	1_1_17a_525_Ko_Mi	1	1	0
-319	1_1_18a_525_Ko_Mi	2	1	0
-378	1_1_22b_525_Ko_Ja	0	1	0
-307	1_1_23b_525_Ko_Ja	1	1	0
-355	1_1_24b_525_Ko_Ja	2	1	0
-415	1_2_40a_525_Ar_Ja	0	1	0
-474	1_2_41a_525_Ar_Ja	1	1	0
-557	1_2_42a_525_Ar_Ja	2	1	0
-276	1_1_28c_525_Mi_Ro	0	1	0
-299	1_1_29c_525_Mi_Ro	1	1	0
-371	1_1_30c_525_Mi_Ro	2	1	0
-102	1_3_1b_525_Ar_Mi	0	1	0
-150	1_3_2b_525_Ar_Mi	1	1	0
-248	1_3_3b_525_Ar_Mi	2	1	0
-430	1_2_43b_525_Ko_Mi	0	1	0
-631	1_2_45b_525_Ko_Mi	1	1	0
-522	1_2_44b_525_Ko_Mi	2	1	3
677	3_2_49b_525_Ro_Mi	0	2	0
666	3_2_50b_525_Ro_Mi	1	2	0
499	3_2_51b_525_Ro_Mi	2	2	0
947	3_3_1d_525_Mi_Ar	0	2	0
899	3_3_2d_525_Mi_Ar	1	2	0
801	3_3_3d_525_Mi_Ar	2	2	0
867	3_3_15b_525_Ko_Mi	0	2	0
796	3_3_13b_525_Ko_Mi	1	2	0
985	3_3_14b_525_Ko_Mi	2	2	0
709	3_1_10b_525_Ar_Ja	0	2	0
667	3_1_11b_525_Ar_Ja	1	2	0
764	3_1_12b_525_Ar_Ja	2	2	0
612	3_2_37b_525_Ar_Mi	0	2	0
568	3_2_38b_525_Ar_Mi	1	2	0
568	3_2_39b_525_Ar_Mi	2	2	0
672	3_1_22d_525_Ja_Ko	0	2	0
743	3_1_23d_525_Ja_Ko	1	2	0
695	3_1_24d_525_Ja_Ko	2	2	0
591	3_2_46a_525_Ko_Ja	0	2	0
494	3_2_47a_525_Ko_Ja	1	2	0
475	3_2_48a_525_Ko_Ja	2	2	0
636	3_2_40c_525_Ja_Ar	0	2	0
577	3_2_41c_525_Ja_Ar	1	2	0
494	3_2_42c_525_Ja_Ar	2	2	0
621	3_2_43d_525_Mi_Ko	0	2	0
420	3_2_45d_525_Mi_Ko	1	2	0
529	3_2_44d_525_Mi_Ko	2	2	3
746	3_1_34b_525_Ro_Ja	0	2	0
778	3_1_35b_525_Ro_Ja	1	2	0
654	3_1_36b_525_Ro_Ja	2	2	0
764	3_1_16c_525_Mi_Ko	0	2	0
745	3_1_17c_525_Mi_Ko	1	2	0
731	3_1_18c_525_Mi_Ko	2	2	0
697	3_1_4a_525_Ar_Mi	0	2	0
798	3_1_5a_525_Ar_Mi	1	2	0
711	3_1_6a_525_Ar_Mi	2	2	0
774	3_1_28a_525_Ro_Mi	0	2	0
751	3_1_29a_525_Ro_Mi	1	2	0
679	3_1_30a_525_Ro_Mi	2	2	0
853	3_3_19c_525_Ja_Ko	0	2	0
905	3_3_20c_525_Ja_Ko	1	2	0
914	3_3_21c_525_Ja_Ko	2	2	0
779	3_3_7a_525_Ar_Ja	0	2	0
914	3_3_8a_525_Ar_Ja	1	2	0
929	3_3_9a_525_Ar_Ja	2	2	0
913	3_3_31a_525_Ro_Ja	0	2	0
978	3_3_32a_525_Ro_Ja	1	2	0
908	3_3_33a_525_Ro_Ja	2	2	0
801	3_3_25d_525_Mi_Ro	0	2	0
971	3_3_26d_525_Mi_Ro	1	2	0
866	3_3_27d_525_Mi_Ro	2	2	0
510	3_2_52c_525_Ja_Ro	0	2	0
475	3_2_53c_525_Ja_Ro	1	2	0
564	3_2_54c_525_Ja_Ro	2	2	3
-443	1_1_4b_425_Ar_Mi	0	3	0
-392	1_1_5b_425_Ar_Mi	1	3	0
-371	1_1_6b_425_Ar_Mi	2	3	0
-627	1_2_37c_425_Mi_Ar	0	3	0
-585	1_2_38c_425_Mi_Ar	1	3	0
-719	1_2_39c_425_Mi_Ar	2	3	0
-487	1_1_10c_425_Ja_Ar	0	3	0
-495	1_1_11c_425_Ja_Ar	1	3	0
-500	1_1_12c_425_Ja_Ar	2	3	0
-309	1_3_21d_425_Ja_Ko	0	3	0
-262	1_3_19d_425_Ja_Ko	1	3	0
-217	1_3_20d_425_Ja_Ko	2	3	0
-565	1_2_48b_425_Ko_Ja	0	3	0
-437	1_2_46b_425_Ko_Ja	1	3	0
-693	1_2_47b_425_Ko_Ja	2	3	0
-402	1_1_28b_425_Ro_Mi	0	3	0
-398	1_1_29b_425_Ro_Mi	1	3	0
-441	1_1_30b_425_Ro_Mi	2	3	0
-553	1_2_41d_425_Ja_Ar	0	3	0
-813	1_2_42d_425_Ja_Ar	1	3	0
-575	1_2_40d_425_Ja_Ar	2	3	0
-466	1_1_34c_425_Ja_Ro	0	3	0
-466	1_1_35c_425_Ja_Ro	1	3	0
-420	1_1_36c_425_Ja_Ro	2	3	0
-287	1_3_31b_425_Ro_Ja	0	3	0
-471	1_3_32b_425_Ro_Ja	1	3	0
-244	1_3_33b_425_Ro_Ja	2	3	3
-478	1_2_51c_425_Mi_Ro	0	3	0
-610	1_2_49c_425_Mi_Ro	1	3	0
-603	1_2_50c_425_Mi_Ro	2	3	0
-378	1_3_7b_425_Ar_Ja	0	3	0
-294	1_3_8b_425_Ar_Ja	1	3	0
-280	1_3_9b_425_Ar_Ja	2	3	0
-495	1_1_22a_425_Ko_Ja	0	3	0
-449	1_1_23a_425_Ko_Ja	1	3	0
-455	1_1_24a_425_Ko_Ja	2	3	0
-210	1_3_25a_425_Ro_Mi	0	3	0
-257	1_3_26a_425_Ro_Mi	1	3	0
-392	1_3_27a_425_Ro_Mi	2	3	0
-234	1_3_13c_425_Mi_Ko	0	3	0
-237	1_3_14c_425_Mi_Ko	1	3	0
-431	1_3_15c_425_Mi_Ko	2	3	0
-347	1_3_1a_425_Ar_Mi	0	3	0
-368	1_3_2a_425_Ar_Mi	1	3	0
-369	1_3_3a_425_Ar_Mi	2	3	0
-425	1_1_16d_425_Mi_Ko	0	3	0
-459	1_1_17d_425_Mi_Ko	1	3	0
-475	1_1_18d_425_Mi_Ko	2	3	0
-458	1_2_52d_425_Ja_Ro	0	3	0
-712	1_2_54d_425_Ja_Ro	1	3	0
-540	1_2_53d_425_Ja_Ro	2	3	0
-581	1_2_43a_425_Ko_Mi	0	3	0
-603	1_2_44a_425_Ko_Mi	1	3	0
-524	1_2_45a_425_Ko_Mi	2	3	3
407	3_1_4d_425_Mi_Ar	0	4	0
458	3_1_5d_425_Mi_Ar	1	4	0
479	3_1_6d_425_Mi_Ar	2	4	0
224	3_2_37a_425_Ar_Mi	0	4	0
266	3_2_38a_425_Ar_Mi	1	4	0
132	3_2_39a_425_Ar_Mi	2	4	0
504	3_3_1c_425_Mi_Ar	0	4	0
483	3_3_2c_425_Mi_Ar	1	4	0
482	3_3_3c_425_Mi_Ar	2	4	0
617	3_3_13a_425_Ko_Mi	0	4	0
614	3_3_14a_425_Ko_Mi	1	4	0
420	3_3_15a_425_Ko_Mi	2	4	0
425	3_1_16b_425_Ko_Mi	0	4	0
391	3_1_17b_425_Ko_Mi	1	4	0
375	3_1_18b_425_Ko_Mi	2	4	0
363	3_1_10a_425_Ar_Ja	0	4	0
355	3_1_11a_425_Ar_Ja	1	4	0
350	3_1_12a_425_Ar_Ja	2	4	0
448	3_1_28d_425_Mi_Ro	0	4	0
452	3_1_29d_425_Mi_Ro	1	4	0
409	3_1_30d_425_Mi_Ro	2	4	0
542	3_3_21b_425_Ko_Ja	0	4	0
589	3_3_19b_425_Ko_Ja	1	4	0
634	3_3_20b_425_Ko_Ja	2	4	0
298	3_2_41b_425_Ar_Ja	0	4	0
38	3_2_42b_425_Ar_Ja	1	4	0
276	3_2_40b_425_Ar_Ja	2	4	3
641	3_3_25c_425_Mi_Ro	0	4	0
594	3_3_26c_425_Mi_Ro	1	4	0
459	3_3_27c_425_Mi_Ro	2	4	0
564	3_3_31d_425_Ja_Ro	0	4	0
380	3_3_32d_425_Ja_Ro	1	4	0
607	3_3_33d_425_Ja_Ro	2	4	0
286	3_2_48d_425_Ja_Ko	0	4	0
414	3_2_46d_425_Ja_Ko	1	4	0
158	3_2_47d_425_Ja_Ko	2	4	0
648	3_2_52b_425_Ro_Ja	0	4	0
394	3_2_54b_425_Ro_Ja	1	4	0
566	3_2_53b_425_Ro_Ja	2	4	0
384	3_1_34a_425_Ro_Ja	0	4	0
384	3_1_35a_425_Ro_Ja	1	4	0
430	3_1_36a_425_Ro_Ja	2	4	0
355	3_1_22c_425_Ja_Ko	0	4	0
401	3_1_23c_425_Ja_Ko	1	4	0
395	3_1_24c_425_Ja_Ko	2	4	0
473	3_3_7d_425_Ja_Ar	0	4	0
557	3_3_8d_425_Ja_Ar	1	4	0
571	3_3_9d_425_Ja_Ar	2	4	0
373	3_2_51a_425_Ro_Mi	0	4	0
241	3_2_49a_425_Ro_Mi	1	4	0
248	3_2_50a_425_Ro_Mi	2	4	0
270	3_2_43c_425_Mi_Ko	0	4	0
248	3_2_44c_425_Mi_Ko	1	4	0
327	3_2_45c_425_Mi_Ko	2	4	99
709	3_1_10d_525_Ja_Ar	0	0	0
667	3_1_11d_525_Ja_Ar	1	0	0
764	3_1_12d_525_Ja_Ar	2	0	0
384	3_1_34c_425_Ja_Ro	0	0	0
384	3_1_35c_425_Ja_Ro	1	0	0
430	3_1_36c_425_Ja_Ro	2	0	0
-443	1_1_4d_425_Mi_Ar	0	0	0
-392	1_1_5d_425_Mi_Ar	1	0	0
-371	1_1_6d_425_Mi_Ar	2	0	0
-286	1_1_16c_525_Mi_Ko	0	0	0
-305	1_1_17c_525_Mi_Ko	1	0	0
-319	1_1_18c_525_Mi_Ko	2	0	1
-453	1_1_4c_425_Mi_Ar	0	1	0
-352	1_1_5c_425_Mi_Ar	1	1	0
-439	1_1_6c_425_Mi_Ar	2	1	0
-478	1_1_22b_425_Ko_Ja	0	1	0
-407	1_1_23b_425_Ko_Ja	1	1	0
-455	1_1_24b_425_Ko_Ja	2	1	0
-380	1_3_25b_425_Ro_Mi	0	1	0
-210	1_3_26b_425_Ro_Mi	1	1	0
-315	1_3_27b_425_Ro_Mi	2	1	0
-509	1_2_37d_425_Mi_Ar	0	1	0
-553	1_2_38d_425_Mi_Ar	1	1	0
-553	1_2_39d_425_Mi_Ar	2	1	0
-404	1_1_34d_425_Ja_Ro	0	1	0
-372	1_1_35d_425_Ja_Ro	1	1	0
-496	1_1_36d_425_Ja_Ro	2	1	0
-314	1_3_15d_425_Mi_Ko	0	1	0
-385	1_3_13d_425_Mi_Ko	1	1	0
-196	1_3_14d_425_Mi_Ko	2	1	0
-376	1_1_28c_425_Mi_Ro	0	1	0
-399	1_1_29c_425_Mi_Ro	1	1	0
-471	1_1_30c_425_Mi_Ro	2	1	0
-533	1_2_40a_425_Ar_Ja	0	1	0
-544	1_2_41a_425_Ar_Ja	1	1	0
-627	1_2_42a_425_Ar_Ja	2	1	0
-328	1_3_19a_425_Ko_Ja	0	1	0
-276	1_3_20a_425_Ko_Ja	1	1	0
-267	1_3_21a_425_Ko_Ja	2	1	3
-500	1_2_43b_425_Ko_Mi	0	1	0
-701	1_2_45b_425_Ko_Mi	1	1	0
-592	1_2_44b_425_Ko_Mi	2	1	0
-492	1_2_46c_425_Ja_Ko	0	1	0
-613	1_2_47c_425_Ja_Ko	1	1	0
-646	1_2_48c_425_Ja_Ko	2	1	0
-233	1_3_1b_425_Ar_Mi	0	1	0
-281	1_3_2b_425_Ar_Mi	1	1	0
-379	1_3_3b_425_Ar_Mi	2	1	0
-386	1_1_16a_425_Ko_Mi	0	1	0
-405	1_1_17a_425_Ko_Mi	1	1	0
-419	1_1_18a_425_Ko_Mi	2	1	0
-487	1_1_10d_425_Ja_Ar	0	1	0
-483	1_1_11d_425_Ja_Ar	1	1	0
-386	1_1_12d_425_Ja_Ar	2	1	0
-402	1_3_7c_425_Ja_Ar	0	1	0
-267	1_3_8c_425_Ja_Ar	1	1	0
-252	1_3_9c_425_Ja_Ar	2	1	0
-430	1_2_49d_425_Mi_Ro	0	1	0
-496	1_2_50d_425_Mi_Ro	1	1	0
-622	1_2_51d_425_Mi_Ro	2	1	0
-268	1_3_31c_425_Ja_Ro	0	1	0
-217	1_3_32c_425_Ja_Ro	1	1	0
-273	1_3_33c_425_Ja_Ro	2	1	0
-611	1_2_52a_425_Ro_Ja	0	1	0
-713	1_2_53a_425_Ro_Ja	1	1	0
-557	1_2_54a_425_Ro_Ja	2	1	3
655	3_1_22a_525_Ko_Ja	0	2	0
701	3_1_23a_525_Ko_Ja	1	2	0
695	3_1_24a_525_Ko_Ja	2	2	0
748	3_1_28b_525_Ro_Mi	0	2	0
752	3_1_29b_525_Ro_Mi	1	2	0
709	3_1_30b_525_Ro_Mi	2	2	0
684	3_1_34c_525_Ja_Ro	0	2	0
684	3_1_35c_525_Ja_Ro	1	2	0
730	3_1_36c_525_Ja_Ro	2	2	0
643	3_2_51c_525_Mi_Ro	0	2	0
511	3_2_49c_525_Mi_Ro	1	2	0
518	3_2_50c_525_Mi_Ro	2	2	0
947	3_3_13c_525_Mi_Ko	0	2	0
944	3_3_14c_525_Mi_Ko	1	2	0
750	3_3_15c_525_Mi_Ko	2	2	0
725	3_1_16d_525_Mi_Ko	0	2	0
691	3_1_17d_525_Mi_Ko	1	2	0
675	3_1_18d_525_Mi_Ko	2	2	0
540	3_2_43a_525_Ko_Mi	0	2	0
546	3_2_44a_525_Ko_Mi	1	2	0
597	3_2_45a_525_Ko_Mi	2	2	0
708	3_1_4b_525_Ar_Mi	0	2	0
758	3_1_5b_525_Ar_Mi	1	2	0
779	3_1_6b_525_Ar_Mi	2	2	0
872	3_3_21d_525_Ja_Ko	0	2	0
919	3_3_19d_525_Ja_Ko	1	2	0
964	3_3_20d_525_Ja_Ko	2	2	3
494	3_2_37c_525_Mi_Ar	0	2	0
536	3_2_38c_525_Mi_Ar	1	2	0
402	3_2_39c_525_Mi_Ar	2	2	0
803	3_3_7b_525_Ar_Ja	0	2	0
887	3_3_8b_525_Ar_Ja	1	2	0
901	3_3_9b_525_Ar_Ja	2	2	0
971	3_3_25a_525_Ro_Mi	0	2	0
924	3_3_26a_525_Ro_Mi	1	2	0
789	3_3_27a_525_Ro_Mi	2	2	0
663	3_2_52d_525_Ja_Ro	0	2	0
409	3_2_54d_525_Ja_Ro	1	2	0
581	3_2_53d_525_Ja_Ro	2	2	0
569	3_2_48b_525_Ko_Ja	0	2	0
684	3_2_46b_525_Ko_Ja	1	2	0
428	3_2_47b_525_Ko_Ja	2	2	0
663	3_1_10c_525_Ja_Ar	0	2	0
655	3_1_11c_525_Ja_Ar	1	2	0
650	3_1_12c_525_Ja_Ar	2	2	0
568	3_2_41d_525_Ja_Ar	0	2	0
308	3_2_42d_525_Ja_Ar	1	2	0
546	3_2_40d_525_Ja_Ar	2	2	0
894	3_3_31b_525_Ro_Ja	0	2	0
837	3_3_32b_525_Ro_Ja	1	2	0
937	3_3_33b_525_Ro_Ja	2	2	0
833	3_3_1a_525_Ar_Mi	0	2	0
812	3_3_2a_525_Ar_Mi	1	2	0
811	3_3_3a_525_Ar_Mi	2	2	3
-104	1_3_13a_525_Ko_Mi	0	3	0
-107	1_3_14a_525_Ko_Mi	1	3	0
-301	1_3_15a_525_Ko_Mi	2	3	0
-483	1_2_41b_525_Ar_Ja	0	3	0
-743	1_2_42b_525_Ar_Ja	1	3	0
-505	1_2_40b_525_Ar_Ja	2	3	0
-557	1_2_37c_525_Mi_Ar	0	3	0
-515	1_2_38c_525_Mi_Ar	1	3	0
-649	1_2_39c_525_Mi_Ar	2	3	0
-388	1_2_52b_525_Ro_Ja	0	3	0
-642	1_2_54b_525_Ro_Ja	1	3	0
-470	1_2_53b_525_Ro_Ja	2	3	0
-179	1_3_21b_525_Ko_Ja	0	3	0
-132	1_3_19b_525_Ko_Ja	1	3	0
-87	1_3_20b_525_Ko_Ja	2	3	0
-80	1_3_25c_525_Mi_Ro	0	3	0
-127	1_3_26c_525_Mi_Ro	1	3	0
-262	1_3_27c_525_Mi_Ro	2	3	0
-366	1_1_34a_525_Ro_Ja	0	3	0
-366	1_1_35a_525_Ro_Ja	1	3	0
-320	1_1_36a_525_Ro_Ja	2	3	0
-408	1_2_51a_525_Ro_Mi	0	3	0
-540	1_2_49a_525_Ro_Mi	1	3	0
-533	1_2_50a_525_Ro_Mi	2	3	0
-216	1_3_1c_525_Mi_Ar	0	3	0
-237	1_3_2c_525_Mi_Ar	1	3	0
-238	1_3_3c_525_Mi_Ar	2	3	3
-157	1_3_31d_525_Ja_Ro	0	3	0
-214	1_3_32d_525_Ja_Ro	1	3	0
-114	1_3_33d_525_Ja_Ro	2	3	0
-302	1_1_28d_525_Mi_Ro	0	3	0
-298	1_1_29d_525_Mi_Ro	1	3	0
-341	1_1_30d_525_Mi_Ro	2	3	0
-387	1_1_10a_525_Ar_Ja	0	3	0
-395	1_1_11a_525_Ar_Ja	1	3	0
-400	1_1_12a_525_Ar_Ja	2	3	0
-325	1_1_16b_525_Ko_Mi	0	3	0
-359	1_1_17b_525_Ko_Mi	1	3	0
-375	1_1_18b_525_Ko_Mi	2	3	0
-342	1_1_4d_525_Mi_Ar	0	3	0
-292	1_1_5d_525_Mi_Ar	1	3	0
-271	1_1_6d_525_Mi_Ar	2	3	0
-395	1_1_22c_525_Ja_Ko	0	3	0
-349	1_1_23c_525_Ja_Ko	1	3	0
-355	1_1_24c_525_Ja_Ko	2	3	0
-248	1_3_7d_525_Ja_Ar	0	3	0
-164	1_3_8d_525_Ja_Ar	1	3	0
-150	1_3_9d_525_Ja_Ar	2	3	0
-511	1_2_43c_525_Mi_Ko	0	3	0
-505	1_2_44c_525_Mi_Ko	1	3	0
-454	1_2_45c_525_Mi_Ko	2	3	0
-482	1_2_48d_525_Ja_Ko	0	3	0
-367	1_2_46d_525_Ja_Ko	1	3	0
-623	1_2_47d_525_Ja_Ko	2	3	3
449	3_3_7a_425_Ar_Ja	0	4	0
584	3_3_8a_425_Ar_Ja	1	4	0
599	3_3_9a_425_Ar_Ja	2	4	0
495	3_2_52c_425_Ja_Ro	0	4	0
393	3_2_53c_425_Ja_Ro	1	4	0
549	3_2_54c_425_Ja_Ro	2	4	0
318	3_2_40c_425_Ja_Ar	0	4	0
307	3_2_41c_425_Ja_Ar	1	4	0
224	3_2_42c_425_Ja_Ar	2	4	0
583	3_3_31a_425_Ro_Ja	0	4	0
634	3_3_32a_425_Ro_Ja	1	4	0
578	3_3_33a_425_Ro_Ja	2	4	0
474	3_1_28a_425_Ro_Mi	0	4	0
451	3_1_29a_425_Ro_Mi	1	4	0
379	3_1_30a_425_Ro_Mi	2	4	0
446	3_1_34b_425_Ro_Ja	0	4	0
478	3_1_35b_425_Ro_Ja	1	4	0
354	3_1_36b_425_Ro_Ja	2	4	0
409	3_1_10b_425_Ar_Ja	0	4	0
367	3_1_11b_425_Ar_Ja	1	4	0
464	3_1_12b_425_Ar_Ja	2	4	0
523	3_3_19c_425_Ja_Ko	0	4	0
575	3_3_20c_425_Ja_Ko	1	4	0
584	3_3_21c_425_Ja_Ko	2	4	0
351	3_2_43d_425_Mi_Ko	0	4	0
150	3_2_45d_425_Mi_Ko	1	4	0
259	3_2_44d_425_Mi_Ko	2	4	3
342	3_2_37b_425_Ar_Mi	0	4	0
298	3_2_38b_425_Ar_Mi	1	4	0
298	3_2_39b_425_Ar_Mi	2	4	0
372	3_1_22d_425_Ja_Ko	0	4	0
443	3_1_23d_425_Ja_Ko	1	4	0
395	3_1_24d_425_Ja_Ko	2	4	0
359	3_2_46a_425_Ko_Ja	0	4	0
238	3_2_47a_425_Ko_Ja	1	4	0
205	3_2_48a_425_Ko_Ja	2	4	0
471	3_3_25d_425_Mi_Ro	0	4	0
641	3_3_26d_425_Mi_Ro	1	4	0
536	3_3_27d_425_Mi_Ro	2	4	0
421	3_2_49b_425_Ro_Mi	0	4	0
355	3_2_50b_425_Ro_Mi	1	4	0
229	3_2_51b_425_Ro_Mi	2	4	0
397	3_1_4a_425_Ar_Mi	0	4	0
498	3_1_5a_425_Ar_Mi	1	4	0
411	3_1_6a_425_Ar_Mi	2	4	0
537	3_3_15b_425_Ko_Mi	0	4	0
466	3_3_13b_425_Ko_Mi	1	4	0
655	3_3_14b_425_Ko_Mi	2	4	0
464	3_1_16c_425_Mi_Ko	0	4	0
445	3_1_17c_425_Mi_Ko	1	4	0
431	3_1_18c_425_Mi_Ko	2	4	0
618	3_3_1d_425_Mi_Ar	0	4	0
570	3_3_2d_425_Mi_Ar	1	4	0
472	3_3_3d_425_Mi_Ar	2	4	99
708	3_1_4d_525_Mi_Ar	0	0	0
758	3_1_5d_525_Mi_Ar	1	0	0
779	3_1_6d_525_Mi_Ar	2	0	0
471	3_3_25b_425_Ro_Mi	0	0	0
641	3_3_26b_425_Ro_Mi	1	0	0
536	3_3_27b_425_Ro_Mi	2	0	0
-248	1_3_7b_525_Ar_Ja	0	0	0
-164	1_3_8b_525_Ar_Ja	1	0	0
-150	1_3_9b_525_Ar_Ja	2	0	0
-233	1_3_1d_425_Mi_Ar	0	0	0
-281	1_3_2d_425_Mi_Ar	1	0	0
-379	1_3_3d_425_Mi_Ar	2	0	1
709	3_1_10d_525_Ja_Ar	0	1	0
667	3_1_11d_525_Ja_Ar	1	1	0
764	3_1_12d_525_Ja_Ar	2	1	0
913	3_3_31c_525_Ja_Ro	0	1	0
978	3_3_32c_525_Ja_Ro	1	1	0
908	3_3_33c_525_Ja_Ro	2	1	0
672	3_1_22b_525_Ko_Ja	0	1	0
743	3_1_23b_525_Ko_Ja	1	1	0
695	3_1_24b_525_Ko_Ja	2	1	0
774	3_1_28c_525_Mi_Ro	0	1	0
751	3_1_29c_525_Mi_Ro	1	1	0
679	3_1_30c_525_Mi_Ro	2	1	0
801	3_3_25b_525_Ro_Mi	0	1	0
971	3_3_26b_525_Ro_Mi	1	1	0
866	3_3_27b_525_Ro_Mi	2	1	0
677	3_2_49d_525_Mi_Ro	0	1	0
666	3_2_50d_525_Mi_Ro	1	1	0
499	3_2_51d_525_Mi_Ro	2	1	0
636	3_2_40a_525_Ar_Ja	0	1	0
577	3_2_41a_525_Ar_Ja	1	1	0
494	3_2_42a_525_Ar_Ja	2	1	0
779	3_3_7c_525_Ja_Ar	0	1	0
914	3_3_8c_525_Ja_Ar	1	1	0
929	3_3_9c_525_Ja_Ar	2	1	0
591	3_2_46c_525_Ja_Ko	0	1	0
494	3_2_47c_525_Ja_Ko	1	1	0
475	3_2_48c_525_Ja_Ko	2	1	3
746	3_1_34d_525_Ja_Ro	0	1	0
778	3_1_35d_525_Ja_Ro	1	1	0
654	3_1_36d_525_Ja_Ro	2	1	0
612	3_2_37d_525_Mi_Ar	0	1	0
568	3_2_38d_525_Mi_Ar	1	1	0
568	3_2_39d_525_Mi_Ar	2	1	0
621	3_2_43b_525_Ko_Mi	0	1	0
420	3_2_45b_525_Ko_Mi	1	1	0
529	3_2_44b_525_Ko_Mi	2	1	0
697	3_1_4c_525_Mi_Ar	0	1	0
798	3_1_5c_525_Mi_Ar	1	1	0
711	3_1_6c_525_Mi_Ar	2	1	0
853	3_3_19a_525_Ko_Ja	0	1	0
905	3_3_20a_525_Ko_Ja	1	1	0
914	3_3_21a_525_Ko_Ja	2	1	0
867	3_3_15d_525_Mi_Ko	0	1	0
796	3_3_13d_525_Mi_Ko	1	1	0
985	3_3_14d_525_Mi_Ko	2	1	0
764	3_1_16a_525_Ko_Mi	0	1	0
745	3_1_17a_525_Ko_Mi	1	1	0
731	3_1_18a_525_Ko_Mi	2	1	0
510	3_2_52a_525_Ro_Ja	0	1	0
475	3_2_53a_525_Ro_Ja	1	1	0
564	3_2_54a_525_Ro_Ja	2	1	0
947	3_3_1b_525_Ar_Mi	0	1	0
899	3_3_2b_525_Ar_Mi	1	1	0
801	3_3_3b_525_Ar_Mi	2	1	3
384	3_1_34c_425_Ja_Ro	0	2	0
384	3_1_35c_425_Ja_Ro	1	2	0
430	3_1_36c_425_Ja_Ro	2	2	0
270	3_2_43a_425_Ko_Mi	0	2	0
248	3_2_44a_425_Ko_Mi	1	2	0
327	3_2_45a_425_Ko_Mi	2	2	0
641	3_3_25a_425_Ro_Mi	0	2	0
594	3_3_26a_425_Ro_Mi	1	2	0
459	3_3_27a_425_Ro_Mi	2	2	0
298	3_2_41d_425_Ja_Ar	0	2	0
38	3_2_42d_425_Ja_Ar	1	2	0
276	3_2_40d_425_Ja_Ar	2	2	0
504	3_3_1a_425_Ar_Mi	0	2	0
483	3_3_2a_425_Ar_Mi	1	2	0
482	3_3_3a_425_Ar_Mi	2	2	0
648	3_2_52d_425_Ja_Ro	0	2	0
394	3_2_54d_425_Ja_Ro	1	2	0
566	3_2_53d_425_Ja_Ro	2	2	0
473	3_3_7b_425_Ar_Ja	0	2	0
557	3_3_8b_425_Ar_Ja	1	2	0
571	3_3_9b_425_Ar_Ja	2	2	0
542	3_3_21d_425_Ja_Ko	0	2	0
589	3_3_19d_425_Ja_Ko	1	2	0
634	3_3_20d_425_Ja_Ko	2	2	0
224	3_2_37c_425_Mi_Ar	0	2	0
266	3_2_38c_425_Mi_Ar	1	2	0
132	3_2_39c_425_Mi_Ar	2	2	3
448	3_1_28b_425_Ro_Mi	0	2	0
452	3_1_29b_425_Ro_Mi	1	2	0
409	3_1_30b_425_Ro_Mi	2	2	0
407	3_1_4b_425_Ar_Mi	0	2	0
458	3_1_5b_425_Ar_Mi	1	2	0
479	3_1_6b_425_Ar_Mi	2	2	0
363	3_1_10c_425_Ja_Ar	0	2	0
355	3_1_11c_425_Ja_Ar	1	2	0
350	3_1_12c_425_Ja_Ar	2	2	0
617	3_3_13c_425_Mi_Ko	0	2	0
614	3_3_14c_425_Mi_Ko	1	2	0
420	3_3_15c_425_Mi_Ko	2	2	0
425	3_1_16d_425_Mi_Ko	0	2	0
391	3_1_17d_425_Mi_Ko	1	2	0
375	3_1_18d_425_Mi_Ko	2	2	0
373	3_2_51c_425_Mi_Ro	0	2	0
241	3_2_49c_425_Mi_Ro	1	2	0
248	3_2_50c_425_Mi_Ro	2	2	0
286	3_2_48b_425_Ko_Ja	0	2	0
414	3_2_46b_425_Ko_Ja	1	2	0
158	3_2_47b_425_Ko_Ja	2	2	0
564	3_3_31b_425_Ro_Ja	0	2	0
380	3_3_32b_425_Ro_Ja	1	2	0
607	3_3_33b_425_Ro_Ja	2	2	0
355	3_1_22a_425_Ko_Ja	0	2	0
401	3_1_23a_425_Ko_Ja	1	2	0
395	3_1_24a_425_Ko_Ja	2	2	3
-443	1_1_4d_425_Mi_Ar	0	3	0
-392	1_1_5d_425_Mi_Ar	1	3	0
-371	1_1_6d_425_Mi_Ar	2	3	0
-478	1_2_51a_425_Ro_Mi	0	3	0
-610	1_2_49a_425_Ro_Mi	1	3	0
-603	1_2_50a_425_Ro_Mi	2	3	0
-495	1_1_22c_425_Ja_Ko	0	3	0
-449	1_1_23c_425_Ja_Ko	1	3	0
-455	1_1_24c_425_Ja_Ko	2	3	0
-287	1_3_31d_425_Ja_Ro	0	3	0
-471	1_3_32d_425_Ja_Ro	1	3	0
-244	1_3_33d_425_Ja_Ro	2	3	0
-378	1_3_7d_425_Ja_Ar	0	3	0
-294	1_3_8d_425_Ja_Ar	1	3	0
-280	1_3_9d_425_Ja_Ar	2	3	0
-581	1_2_43c_425_Mi_Ko	0	3	0
-603	1_2_44c_425_Mi_Ko	1	3	0
-524	1_2_45c_425_Mi_Ko	2	3	0
-210	1_3_25c_425_Mi_Ro	0	3	0
-257	1_3_26c_425_Mi_Ro	1	3	0
-392	1_3_27c_425_Mi_Ro	2	3	0
-487	1_1_10a_425_Ar_Ja	0	3	0
-495	1_1_11a_425_Ar_Ja	1	3	0
-500	1_1_12a_425_Ar_Ja	2	3	0
-309	1_3_21b_425_Ko_Ja	0	3	0
-262	1_3_19b_425_Ko_Ja	1	3	0
-217	1_3_20b_425_Ko_Ja	2	3	3
-425	1_1_16b_425_Ko_Mi	0	3	0
-459	1_1_17b_425_Ko_Mi	1	3	0
-475	1_1_18b_425_Ko_Mi	2	3	0
-458	1_2_52b_425_Ro_Ja	0	3	0
-712	1_2_54b_425_Ro_Ja	1	3	0
-540	1_2_53b_425_Ro_Ja	2	3	0
-565	1_2_48d_425_Ja_Ko	0	3	0
-437	1_2_46d_425_Ja_Ko	1	3	0
-693	1_2_47d_425_Ja_Ko	2	3	0
-402	1_1_28d_425_Mi_Ro	0	3	0
-398	1_1_29d_425_Mi_Ro	1	3	0
-441	1_1_30d_425_Mi_Ro	2	3	0
-347	1_3_1c_425_Mi_Ar	0	3	0
-368	1_3_2c_425_Mi_Ar	1	3	0
-369	1_3_3c_425_Mi_Ar	2	3	0
-553	1_2_41b_425_Ar_Ja	0	3	0
-813	1_2_42b_425_Ar_Ja	1	3	0
-575	1_2_40b_425_Ar_Ja	2	3	0
-466	1_1_34a_425_Ro_Ja	0	3	0
-466	1_1_35a_425_Ro_Ja	1	3	0
-420	1_1_36a_425_Ro_Ja	2	3	0
-627	1_2_37a_425_Ar_Mi	0	3	0
-585	1_2_38a_425_Ar_Mi	1	3	0
-719	1_2_39a_425_Ar_Mi	2	3	0
-234	1_3_13a_425_Ko_Mi	0	3	0
-237	1_3_14a_425_Ko_Mi	1	3	0
-431	1_3_15a_425_Ko_Mi	2	3	3
-286	1_1_16c_525_Mi_Ko	0	4	0
-305	1_1_17c_525_Mi_Ko	1	4	0
-319	1_1_18c_525_Mi_Ko	2	4	0
-102	1_3_1d_525_Mi_Ar	0	4	0
-150	1_3_2d_525_Mi_Ar	1	4	0
-248	1_3_3d_525_Mi_Ar	2	4	0
-430	1_2_43d_525_Mi_Ko	0	4	0
-631	1_2_45d_525_Mi_Ko	1	4	0
-522	1_2_44d_525_Mi_Ko	2	4	0
-374	1_2_49b_525_Ro_Mi	0	4	0
-385	1_2_50b_525_Ro_Mi	1	4	0
-552	1_2_51b_525_Ro_Mi	2	4	0
-353	1_1_4a_525_Ar_Mi	0	4	0
-252	1_1_5a_525_Ar_Mi	1	4	0
-339	1_1_6a_525_Ar_Mi	2	4	0
-272	1_3_7a_525_Ar_Ja	0	4	0
-137	1_3_8a_525_Ar_Ja	1	4	0
-122	1_3_9a_525_Ar_Ja	2	4	0
-378	1_1_22d_525_Ja_Ko	0	4	0
-307	1_1_23d_525_Ja_Ko	1	4	0
-355	1_1_24d_525_Ja_Ko	2	4	0
-276	1_1_28a_525_Ro_Mi	0	4	0
-299	1_1_29a_525_Ro_Mi	1	4	0
-371	1_1_30a_525_Ro_Mi	2	4	0
-198	1_3_19c_525_Ja_Ko	0	4	0
-146	1_3_20c_525_Ja_Ko	1	4	0
-137	1_3_21c_525_Ja_Ko	2	4	3
-341	1_1_10b_525_Ar_Ja	0	4	0
-383	1_1_11b_525_Ar_Ja	1	4	0
-286	1_1_12b_525_Ar_Ja	2	4	0
-138	1_3_31a_525_Ro_Ja	0	4	0
-73	1_3_32a_525_Ro_Ja	1	4	0
-143	1_3_33a_525_Ro_Ja	2	4	0
-460	1_2_46a_525_Ko_Ja	0	4	0
-557	1_2_47a_525_Ko_Ja	1	4	0
-576	1_2_48a_525_Ko_Ja	2	4	0
-541	1_2_52c_525_Ja_Ro	0	4	0
-576	1_2_53c_525_Ja_Ro	1	4	0
-487	1_2_54c_525_Ja_Ro	2	4	0
-304	1_1_34b_525_Ro_Ja	0	4	0
-272	1_1_35b_525_Ro_Ja	1	4	0
-396	1_1_36b_525_Ro_Ja	2	4	0
-250	1_3_25d_525_Mi_Ro	0	4	0
-80	1_3_26d_525_Mi_Ro	1	4	0
-185	1_3_27d_525_Mi_Ro	2	4	0
-439	1_2_37d_525_Mi_Ar	0	4	0
-483	1_2_38d_525_Mi_Ar	1	4	0
-483	1_2_39d_525_Mi_Ar	2	4	0
-184	1_3_15b_525_Ko_Mi	0	4	0
-255	1_3_13b_525_Ko_Mi	1	4	0
-66	1_3_14b_525_Ko_Mi	2	4	0
-415	1_2_40c_525_Ja_Ar	0	4	0
-474	1_2_41c_525_Ja_Ar	1	4	0
-557	1_2_42c_525_Ja_Ar	2	4	99
-530	1_2_28b_425_Ro_Mi	0	0	0
-526	1_2_29b_425_Ro_Mi	1	0	0
-569	1_2_30b_425_Ro_Mi	2	0	0
414	3_1_21b_425_Ko_Ja	0	0	0
461	3_1_19b_425_Ko_Ja	1	0	0
506	3_1_20b_425_Ko_Ja	2	0	0
-341	1_1_15d_525_Mi_Ko	0	0	0
-412	1_1_13d_525_Mi_Ko	1	0	0
-223	1_1_14d_525_Mi_Ko	2	0	0
709	3_1_15b_525_Ko_Mi	0	0	0
638	3_1_13b_525_Ko_Mi	1	0	0
827	3_1_14b_525_Ko_Mi	2	0	1
708	3_1_4d_525_Mi_Ar	0	1	0
758	3_1_5d_525_Mi_Ar	1	1	0
779	3_1_6d_525_Mi_Ar	2	1	0
655	3_1_22c_525_Ja_Ko	0	1	0
701	3_1_23c_525_Ja_Ko	1	1	0
695	3_1_24c_525_Ja_Ko	2	1	0
684	3_1_34a_525_Ro_Ja	0	1	0
684	3_1_35a_525_Ro_Ja	1	1	0
730	3_1_36a_525_Ro_Ja	2	1	0
643	3_2_51a_525_Ro_Mi	0	1	0
511	3_2_49a_525_Ro_Mi	1	1	0
518	3_2_50a_525_Ro_Mi	2	1	0
568	3_2_41b_525_Ar_Ja	0	1	0
308	3_2_42b_525_Ar_Ja	1	1	0
546	3_2_40b_525_Ar_Ja	2	1	0
540	3_2_43c_525_Mi_Ko	0	1	0
546	3_2_44c_525_Mi_Ko	1	1	0
597	3_2_45c_525_Mi_Ko	2	1	0
569	3_2_48d_525_Ja_Ko	0	1	0
684	3_2_46d_525_Ja_Ko	1	1	0
428	3_2_47d_525_Ja_Ko	2	1	0
748	3_1_28d_525_Mi_Ro	0	1	0
752	3_1_29d_525_Mi_Ro	1	1	0
709	3_1_30d_525_Mi_Ro	2	1	0
971	3_3_25c_525_Mi_Ro	0	1	0
924	3_3_26c_525_Mi_Ro	1	1	0
789	3_3_27c_525_Mi_Ro	2	1	3
894	3_3_31d_525_Ja_Ro	0	1	0
837	3_3_32d_525_Ja_Ro	1	1	0
937	3_3_33d_525_Ja_Ro	2	1	0
494	3_2_37a_525_Ar_Mi	0	1	0
536	3_2_38a_525_Ar_Mi	1	1	0
402	3_2_39a_525_Ar_Mi	2	1	0
663	3_2_52b_525_Ro_Ja	0	1	0
409	3_2_54b_525_Ro_Ja	1	1	0
581	3_2_53b_525_Ro_Ja	2	1	0
833	3_3_1c_525_Mi_Ar	0	1	0
812	3_3_2c_525_Mi_Ar	1	1	0
811	3_3_3c_525_Mi_Ar	2	1	0
663	3_1_10a_525_Ar_Ja	0	1	0
655	3_1_11a_525_Ar_Ja	1	1	0
650	3_1_12a_525_Ar_Ja	2	1	0
872	3_3_21b_525_Ko_Ja	0	1	0
919	3_3_19b_525_Ko_Ja	1	1	0
964	3_3_20b_525_Ko_Ja	2	1	0
947	3_3_13a_525_Ko_Mi	0	1	0
944	3_3_14a_525_Ko_Mi	1	1	0
750	3_3_15a_525_Ko_Mi	2	1	0
803	3_3_7d_525_Ja_Ar	0	1	0
887	3_3_8d_525_Ja_Ar	1	1	0
901	3_3_9d_525_Ja_Ar	2	1	0
725	3_1_16b_525_Ko_Mi	0	1	0
691	3_1_17b_525_Ko_Mi	1	1	0
675	3_1_18b_525_Ko_Mi	2	1	3
471	3_3_25b_425_Ro_Mi	0	2	0
641	3_3_26b_425_Ro_Mi	1	2	0
536	3_3_27b_425_Ro_Mi	2	2	0
318	3_2_40a_425_Ar_Ja	0	2	0
307	3_2_41a_425_Ar_Ja	1	2	0
224	3_2_42a_425_Ar_Ja	2	2	0
583	3_3_31c_425_Ja_Ro	0	2	0
634	3_3_32c_425_Ja_Ro	1	2	0
578	3_3_33c_425_Ja_Ro	2	2	0
397	3_1_4c_425_Mi_Ar	0	2	0
498	3_1_5c_425_Mi_Ar	1	2	0
411	3_1_6c_425_Mi_Ar	2	2	0
421	3_2_49d_425_Mi_Ro	0	2	0
355	3_2_50d_425_Mi_Ro	1	2	0
229	3_2_51d_425_Mi_Ro	2	2	0
446	3_1_34d_425_Ja_Ro	0	2	0
478	3_1_35d_425_Ja_Ro	1	2	0
354	3_1_36d_425_Ja_Ro	2	2	0
342	3_2_37d_425_Mi_Ar	0	2	0
298	3_2_38d_425_Mi_Ar	1	2	0
298	3_2_39d_425_Mi_Ar	2	2	0
372	3_1_22b_425_Ko_Ja	0	2	0
443	3_1_23b_425_Ko_Ja	1	2	0
395	3_1_24b_425_Ko_Ja	2	2	0
495	3_2_52a_425_Ro_Ja	0	2	0
393	3_2_53a_425_Ro_Ja	1	2	0
549	3_2_54a_425_Ro_Ja	2	2	3
618	3_3_1b_425_Ar_Mi	0	2	0
570	3_3_2b_425_Ar_Mi	1	2	0
472	3_3_3b_425_Ar_Mi	2	2	0
464	3_1_16a_425_Ko_Mi	0	2	0
445	3_1_17a_425_Ko_Mi	1	2	0
431	3_1_18a_425_Ko_Mi	2	2	0
537	3_3_15d_425_Mi_Ko	0	2	0
466	3_3_13d_425_Mi_Ko	1	2	0
655	3_3_14d_425_Mi_Ko	2	2	0
359	3_2_46c_425_Ja_Ko	0	2	0
238	3_2_47c_425_Ja_Ko	1	2	0
205	3_2_48c_425_Ja_Ko	2	2	0
363	3_1_10d_425_Ja_Ar	0	2	0
367	3_1_11d_425_Ja_Ar	1	2	0
464	3_1_12d_425_Ja_Ar	2	2	0
449	3_3_7c_425_Ja_Ar	0	2	0
584	3_3_8c_425_Ja_Ar	1	2	0
599	3_3_9c_425_Ja_Ar	2	2	0
474	3_1_28c_425_Mi_Ro	0	2	0
451	3_1_29c_425_Mi_Ro	1	2	0
379	3_1_30c_425_Mi_Ro	2	2	0
351	3_2_43b_425_Ko_Mi	0	2	0
150	3_2_45b_425_Ko_Mi	1	2	0
259	3_2_44b_425_Ko_Mi	2	2	0
523	3_3_19a_425_Ko_Ja	0	2	0
575	3_3_20a_425_Ko_Ja	1	2	0
584	3_3_21a_425_Ko_Ja	2	2	3
-248	1_3_7b_525_Ar_Ja	0	3	0
-164	1_3_8b_525_Ar_Ja	1	3	0
-150	1_3_9b_525_Ar_Ja	2	3	0
-482	1_2_48b_525_Ko_Ja	0	3	0
-367	1_2_46b_525_Ko_Ja	1	3	0
-623	1_2_47b_525_Ko_Ja	2	3	0
-408	1_2_51c_525_Mi_Ro	0	3	0
-540	1_2_49c_525_Mi_Ro	1	3	0
-533	1_2_50c_525_Mi_Ro	2	3	0
-80	1_3_25a_525_Ro_Mi	0	3	0
-127	1_3_26a_525_Ro_Mi	1	3	0
-262	1_3_27a_525_Ro_Mi	2	3	0
-511	1_2_43a_525_Ko_Mi	0	3	0
-505	1_2_44a_525_Ko_Mi	1	3	0
-454	1_2_45a_525_Ko_Mi	2	3	0
-325	1_1_16d_525_Mi_Ko	0	3	0
-359	1_1_17d_525_Mi_Ko	1	3	0
-375	1_1_18d_525_Mi_Ko	2	3	0
-302	1_1_28b_525_Ro_Mi	0	3	0
-298	1_1_29b_525_Ro_Mi	1	3	0
-341	1_1_30b_525_Ro_Mi	2	3	0
-216	1_3_1a_525_Ar_Mi	0	3	0
-237	1_3_2a_525_Ar_Mi	1	3	0
-238	1_3_3a_525_Ar_Mi	2	3	0
-557	1_2_37a_525_Ar_Mi	0	3	0
-515	1_2_38a_525_Ar_Mi	1	3	0
-649	1_2_39a_525_Ar_Mi	2	3	3
-179	1_3_21d_525_Ja_Ko	0	3	0
-132	1_3_19d_525_Ja_Ko	1	3	0
-87	1_3_20d_525_Ja_Ko	2	3	0
-483	1_2_41d_525_Ja_Ar	0	3	0
-743	1_2_42d_525_Ja_Ar	1	3	0
-505	1_2_40d_525_Ja_Ar	2	3	0
-395	1_1_22a_525_Ko_Ja	0	3	0
-349	1_1_23a_525_Ko_Ja	1	3	0
-355	1_1_24a_525_Ko_Ja	2	3	0
-104	1_3_13c_525_Mi_Ko	0	3	0
-107	1_3_14c_525_Mi_Ko	1	3	0
-301	1_3_15c_525_Mi_Ko	2	3	0
-387	1_1_10c_525_Ja_Ar	0	3	0
-395	1_1_11c_525_Ja_Ar	1	3	0
-400	1_1_12c_525_Ja_Ar	2	3	0
-342	1_1_4b_525_Ar_Mi	0	3	0
-292	1_1_5b_525_Ar_Mi	1	3	0
-271	1_1_6b_525_Ar_Mi	2	3	0
-157	1_3_31b_525_Ro_Ja	0	3	0
-214	1_3_32b_525_Ro_Ja	1	3	0
-114	1_3_33b_525_Ro_Ja	2	3	0
-388	1_2_52d_525_Ja_Ro	0	3	0
-642	1_2_54d_525_Ja_Ro	1	3	0
-470	1_2_53d_525_Ja_Ro	2	3	0
-366	1_1_34c_525_Ja_Ro	0	3	0
-366	1_1_35c_525_Ja_Ro	1	3	0
-320	1_1_36c_525_Ja_Ro	2	3	3
-233	1_3_1d_425_Mi_Ar	0	4	0
-281	1_3_2d_425_Mi_Ar	1	4	0
-379	1_3_3d_425_Mi_Ar	2	4	0
-500	1_2_43d_425_Mi_Ko	0	4	0
-701	1_2_45d_425_Mi_Ko	1	4	0
-592	1_2_44d_425_Mi_Ko	2	4	0
-478	1_1_22d_425_Ja_Ko	0	4	0
-407	1_1_23d_425_Ja_Ko	1	4	0
-455	1_1_24d_425_Ja_Ko	2	4	0
-404	1_1_34b_425_Ro_Ja	0	4	0
-372	1_1_35b_425_Ro_Ja	1	4	0
-496	1_1_36b_425_Ro_Ja	2	4	0
-533	1_2_40c_425_Ja_Ar	0	4	0
-544	1_2_41c_425_Ja_Ar	1	4	0
-627	1_2_42c_425_Ja_Ar	2	4	0
-453	1_1_4a_425_Ar_Mi	0	4	0
-352	1_1_5a_425_Ar_Mi	1	4	0
-439	1_1_6a_425_Ar_Mi	2	4	0
-509	1_2_37b_425_Ar_Mi	0	4	0
-553	1_2_38b_425_Ar_Mi	1	4	0
-553	1_2_39b_425_Ar_Mi	2	4	0
-430	1_2_49b_425_Ro_Mi	0	4	0
-496	1_2_50b_425_Ro_Mi	1	4	0
-622	1_2_51b_425_Ro_Mi	2	4	0
-314	1_3_15b_425_Ko_Mi	0	4	0
-385	1_3_13b_425_Ko_Mi	1	4	0
-196	1_3_14b_425_Ko_Mi	2	4	3
-268	1_3_31a_425_Ro_Ja	0	4	0
-217	1_3_32a_425_Ro_Ja	1	4	0
-273	1_3_33a_425_Ro_Ja	2	4	0
-402	1_3_7a_425_Ar_Ja	0	4	0
-267	1_3_8a_425_Ar_Ja	1	4	0
-252	1_3_9a_425_Ar_Ja	2	4	0
-376	1_1_28a_425_Ro_Mi	0	4	0
-399	1_1_29a_425_Ro_Mi	1	4	0
-471	1_1_30a_425_Ro_Mi	2	4	0
-328	1_3_19c_425_Ja_Ko	0	4	0
-276	1_3_20c_425_Ja_Ko	1	4	0
-267	1_3_21c_425_Ja_Ko	2	4	0
-611	1_2_52c_425_Ja_Ro	0	4	0
-713	1_2_53c_425_Ja_Ro	1	4	0
-557	1_2_54c_425_Ja_Ro	2	4	0
-492	1_2_46a_425_Ko_Ja	0	4	0
-613	1_2_47a_425_Ko_Ja	1	4	0
-646	1_2_48a_425_Ko_Ja	2	4	0
-386	1_1_16c_425_Mi_Ko	0	4	0
-405	1_1_17c_425_Mi_Ko	1	4	0
-419	1_1_18c_425_Mi_Ko	2	4	0
-380	1_3_25d_425_Mi_Ro	0	4	0
-210	1_3_26d_425_Mi_Ro	1	4	0
-315	1_3_27d_425_Mi_Ro	2	4	0
-441	1_1_10b_425_Ar_Ja	0	4	0
-483	1_1_11b_425_Ar_Ja	1	4	0
-386	1_1_12b_425_Ar_Ja	2	4	99

